    CJ96B020   1996 01 01.83364 14 06 00.31 -23 57 29.6          13.3 T 26606862
    CJ96B020   1996 01 01.83727 14 06 00.70 -23 57 32.2                 26606862
    CJ96B020  C1996 01 31.74632 14 32 03.65 -24 56 00.7                 26606897
    CJ96B020  C1996 01 31.74872 14 32 03.87 -24 56 00.9          11.9 T 26606900
    CJ96B020  C1996 01 31.75363 14 32 03.94 -24 56 01.0                 26606897
    CJ96B020  C1996 01 31.75710 14 32 04.18 -24 56 00.4          11.7 T 26606897
    CJ96B020  C1996 01 31.75712 14 32 04.24 -24 56 01.2          12.0 T 26606900
    CJ96B020  C1996 01 31.79331 14 32 05.97 -24 56 01.3          11.5 T 26606900
    CJ96B020  C1996 02 01.11706 14 32 21.41 -24 56 09.2                 26606046
    CJ96B020  C1996 02 01.11959 14 32 21.50 -24 56 09.5                 26606046
    CJ96B020  C1996 02 01.12694 14 32 21.90 -24 56 08.9                 26606046
    CJ96B020  C1996 02 01.12824 14 32 22.03 -24 56 09.7                 26606046
    CJ96B020  C1996 02 01.12980 14 32 22.05 -24 56 09.2                 26606046
    CJ96B020  C1996 02 01.21501 14 32 26.06 -24 56 11.5                 26606557
    CJ96B020  C1996 02 01.21716 14 32 26.14 -24 56 11.2                 26606557
    CJ96B020  C1996 02 01.22120 14 32 26.32 -24 56 11.2                 26606557
    CJ96B020  C1996 02 01.22469 14 32 26.47 -24 56 11.4                 26606557
    CJ96B020  C1996 02 01.69999 14 32 49.47 -24 56 12.9                 26606422
    CJ96B020  C1996 02 01.70166 14 32 49.56 -24 56 13.0                 26606422
    CJ96B020  C1996 02 01.70713 14 32 49.82 -24 56 13.0                 26606422
    CJ96B020  C1996 02 01.70886 14 32 49.92 -24 56 13.1                 26606422
    CJ96B020  C1996 02 01.71928 14 32 50.33 -24 56 18.2          11.3 T 26606900
    CJ96B020  C1996 02 01.72758 14 32 50.80 -24 56 18.2          11.4 T 26606900
    CJ96B020  C1996 02 01.77014 14 32 52.73 -24 56 20.3                 26606896
    CJ96B020  C1996 02 01.77431 14 32 53.03 -24 56 19.0                 26606896
    CJ96B020  C1996 02 01.78057 14 32 53.27 -24 56 19.2                 26606896
    CJ96B020  C1996 02 01.82083 14 32 55.25 -24 56 18.8                 26606896
    CJ96B020  C1996 02 02.10476 14 33 08.70 -24 56 23.6                 26606046
    CJ96B020  C1996 02 02.10605 14 33 08.76 -24 56 23.7                 26606046
    CJ96B020  C1996 02 02.10684 14 33 08.79 -24 56 23.5                 26606046
    CJ96B020  C1996 02 02.10781 14 33 08.89 -24 56 23.9                 26606046
    CJ96B020  C1996 02 02.20916 14 33 13.55 -24 56 24.6                 26606557
    CJ96B020  C1996 02 02.21750 14 33 13.92 -24 56 25.0                 26606557
    CJ96B020  C1996 02 02.22008 14 33 14.05 -24 56 24.7                 26606557
    CJ96B020  C1996 02 02.22522 14 33 14.29 -24 56 24.5                 26606557
    CJ96B020  C1996 02 02.68943 14 33 36.52 -24 56 27.0                 26606897
    CJ96B020  C1996 02 02.69700 14 33 36.93 -24 56 27.5                 26606897
    CJ96B020  C1996 02 02.70215 14 33 37.10 -24 56 27.8                 26606897
    CJ96B020  C1996 02 02.71078 14 33 37.63 -24 56 28.1                 26606897
    CJ96B020  C1996 02 02.72708 14 33 38.22 -24 56 26.2                 26606896
    CJ96B020  C1996 02 02.72826 14 33 38.28 -24 56 22.9                 26606422
    CJ96B020  C1996 02 02.72956 14 33 38.34 -24 56 22.8                 26606422
    CJ96B020  C1996 02 02.73161 14 33 38.54 -24 56 27.1                 26606411
    CJ96B020  C1996 02 02.73356 14 33 38.74 -24 56 25.8                 26606896
    CJ96B020  C1996 02 02.73933 14 33 38.89 -24 56 27.0                 26606411
    CJ96B020  C1996 02 02.74429 14 33 39.13 -24 56 27.2                 26606411
    CJ96B020  C1996 02 02.75343 14 33 39.56 -24 56 27.0          11.1 T 26606900
    CJ96B020  C1996 02 02.76141 14 33 39.88 -24 56 27.2          11.1 T 26606900
    CJ96B020  C1996 02 02.77142 14 33 40.39 -24 56 27.2          11.1 T 26606900
    CJ96B020  C1996 02 02.83015 14 33 43.12 -24 56 27.6                 26606864
    CJ96B020  C1996 02 02.84152 14 33 43.64 -24 56 27.7          10.9 T 26606864
    CJ96B020  C1996 02 02.85212 14 33 44.08 -24 56 28.6          12.8 T 26606327
    CJ96B020  C1996 02 02.85437 14 33 44.21 -24 56 27.8                 26606864
    CJ96B020  C1996 02 03.72161 14 34 25.19 -24 56 24.8                 26606355
    CJ96B020  C1996 02 03.72933 14 34 25.62 -24 56 19.5                 26606422
    CJ96B020  C1996 02 03.73033 14 34 25.67 -24 56 19.5                 26606422
    CJ96B020  C1996 02 03.73094 14 34 25.62 -24 56 24.6                 26606355
    CJ96B020  C1996 02 03.73095 14 34 25.70 -24 56 19.6                 26606422
    CJ96B020  C1996 02 03.73571 14 34 25.84 -24 56 24.8                 26606355
    CJ96B020  C1996 02 03.74132 14 34 26.09 -24 56 23.8                 26606896
    CJ96B020  C1996 02 03.74549 14 34 26.30 -24 56 25.0                 26606896
    CJ96B020  C1996 02 03.74704 14 34 26.47 -24 56 24.3                 26606864
    CJ96B020  C1996 02 03.74931 14 34 26.50 -24 56 23.6                 26606896
    CJ96B020  C1996 02 03.75910 14 34 27.02 -24 56 24.0                 26606864
    CJ96B020  C1996 02 03.76410 14 34 27.22 -24 56 24.7          13.3 T 26606871
    CJ96B020  C1996 02 03.76882 14 34 27.49 -24 56 24.9                 26606871
    CJ96B020   1996 02 03.77257 14 34 27.70 -24 56 24.0          13   T 26606372
    CJ96B020  C1996 02 03.77569 14 34 27.66 -24 56 25.2                 26606897
    CJ96B020  C1996 02 03.78278 14 34 28.01 -24 56 25.6                 26606897
    CJ96B020  C1996 02 03.78652 14 34 28.18 -24 56 24.6                 26606897
    CJ96B020   1996 02 03.79311 14 34 28.54 -24 56 24.1                 26606372
    CJ96B020   1996 02 03.81094 14 34 29.25 -24 56 24.3                 26606372
    CJ96B020  C1996 02 03.81633 14 34 29.58 -24 56 24.7                 26606867
    CJ96B020  C1996 02 03.81946 14 34 29.68 -24 56 25.6                 26606867
    CJ96B020  C1996 02 03.82154 14 34 29.75 -24 56 24.8                 26606867
    CJ96B020  C1996 02 03.85576 14 34 31.32 -24 56 24.0                 26606411
    CJ96B020  C1996 02 03.86425 14 34 31.71 -24 56 23.8                 26606411
    CJ96B020  C1996 02 04.71433 14 35 11.69 -24 56 06.0                 26606422
    CJ96B020  C1996 02 04.71513 14 35 11.71 -24 56 06.1                 26606422
    CJ96B020  C1996 02 04.71629 14 35 11.75 -24 56 06.0                 26607422
    CJ96B020  C1996 02 04.72134 14 35 11.98 -24 56 06.0                 26607422
    CJ96B020  C1996 02 04.72566 14 35 12.19 -24 56 06.0                 26607422
    CJ96B020  C1996 02 04.72771 14 35 12.28 -24 56 05.8                 26607422
    CJ96B020  C1996 02 04.72917 14 35 12.22 -24 56 12.0                 26607896
    CJ96B020  C1996 02 04.73057 14 35 12.39 -24 56 05.6                 26607422
    CJ96B020  C1996 02 04.81806 14 35 16.30 -24 56 08.9                 26607896
    CJ96B020  C1996 02 04.82153 14 35 16.45 -24 56 10.9                 26607896
    CJ96B020  C1996 02 05.14205 14 35 31.54 -24 56 01.9                 26607586
    CJ96B020  C1996 02 05.22009 14 35 35.12 -24 55 59.2                 26607954
    CJ96B020  C1996 02 05.22426 14 35 35.31 -24 55 59.1                 26607954
    CJ96B020  C1996 02 05.23161 14 35 35.63 -24 55 59.0                 26607954
    CJ96B020  C1996 02 05.23581 14 35 35.81 -24 55 58.9                 26607954
    CJ96B020  C1996 02 05.24051 14 35 36.03 -24 55 58.7                 26607954
    CJ96B020  C1996 02 05.24475 14 35 36.21 -24 55 58.6                 26607954
    CJ96B020  C1996 02 05.71273 14 35 58.05 -24 55 45.3                 26607896
    CJ96B020  C1996 02 05.71968 14 35 58.32 -24 55 45.7                 26607896
    CJ96B020  C1996 02 05.72662 14 35 58.58 -24 55 45.7                 26607896
    CJ96B020  C1996 02 05.78903 14 36 01.31 -24 55 44.5                 26607355
    CJ96B020  C1996 02 05.79563 14 36 01.56 -24 55 44.7                 26607355
    CJ96B020  C1996 02 05.80208 14 36 02.05 -24 55 45.0                 26607896
    CJ96B020  C1996 02 05.80556 14 36 02.11 -24 55 43.5                 26607896
    CJ96B020  C1996 02 05.81736 14 36 02.66 -24 55 42.8                 26607896
    CJ96B020  C1996 02 06.09809 14 36 15.51 -24 55 34.2          12.2 T 26607118
    CJ96B020  C1996 02 06.11512 14 36 16.25 -24 55 33.3                 26607118
    CJ96B020  C1996 02 06.12193 14 36 16.55 -24 55 33.2                 26607118
    CJ96B020  C1996 02 06.12682 14 36 16.76 -24 55 32.9                 26607118
    CJ96B020  C1996 02 06.73819 14 36 44.99 -24 55 06.5                 26607896
    CJ96B020  C1996 02 06.74167 14 36 45.18 -24 55 07.0                 26607896
    CJ96B020  C1996 02 06.74514 14 36 45.35 -24 55 07.0                 26607896
    CJ96B020  C1996 02 06.76204 14 36 46.12 -24 55 06.6                 26607896
    CJ96B020  C1996 02 06.77807 14 36 46.70 -24 55 05.5                 26607355
    CJ96B020  C1996 02 06.78833 14 36 47.19 -24 55 05.6                 26607355
    CJ96B020  C1996 02 06.83171 14 36 49.02 -24 55 03.6                 26607897
    CJ96B020  C1996 02 06.83771 14 36 49.30 -24 55 02.9                 26607897
    CJ96B020  C1996 02 07.09819 14 37 01.35 -24 54 50.0          10.8 T 26607046
    CJ96B020  C1996 02 07.09947 14 37 01.44 -24 54 49.9                 26607046
    CJ96B020  C1996 02 07.10071 14 37 01.45 -24 54 49.9                 26607046
    CJ96B020  C1996 02 07.10203 14 37 01.50 -24 54 49.9                 26607046
    CJ96B020  C1996 02 07.10977 14 37 01.86 -24 54 49.1                 26607120
    CJ96B020  C1996 02 07.11166 14 37 01.96 -24 54 50.0                 26607120
    CJ96B020  C1996 02 07.11326 14 37 01.97 -24 54 49.8                 26607120
    CJ96B020  C1996 02 07.15486 14 37 04.08 -24 54 48.8                 26607611
    CJ96B020  C1996 02 07.20274 14 37 05.99 -24 54 44.1                 26607616
    CJ96B020  C1996 02 07.21439 14 37 06.50 -24 54 43.7                 26607616
    CJ96B020  C1996 02 07.21862 14 37 06.67 -24 54 43.7                 26607616
    CJ96B020  C1996 02 07.38109 14 37 14.36 -24 54 34.2          12.6 N 26607709
    CJ96B020  C1996 02 07.39100 14 37 14.83 -24 54 34.3          12.6 N 26607709
    CJ96B020  C1996 02 07.40389 14 37 15.37 -24 54 33.5          12.6 N 26607709
    CJ96B020  C1996 02 07.41987 14 37 16.10 -24 54 32.6          12.6 N 26607709
    CJ96B020  C1996 02 07.43590 14 37 16.80 -24 54 32.1          12.6 N 26607709
    CJ96B020  C1996 02 07.66929 14 37 27.44 -24 54 12.3                 26607422
    CJ96B020  C1996 02 07.67023 14 37 27.48 -24 54 12.5                 26607422
    CJ96B020  C1996 02 07.67099 14 37 27.51 -24 54 12.3                 26607422
    CJ96B020  C1996 02 07.72386 14 37 29.81 -24 54 09.8                 26607422
    CJ96B020  C1996 02 07.72463 14 37 29.84 -24 54 09.7                 26607422
    CJ96B020  C1996 02 07.72555 14 37 29.89 -24 54 09.6                 26607422
    CJ96B020  C1996 02 07.72613 14 37 29.92 -24 54 09.6                 26607422
    CJ96B020  C1996 02 07.73457 14 37 30.29 -24 54 15.0                 26607897
    CJ96B020  C1996 02 07.74100 14 37 30.58 -24 54 14.3                 26607897
    CJ96B020  C1996 02 07.74792 14 37 30.85 -24 54 15.0                 26607897
    CJ96B020  C1996 02 07.75343 14 37 31.05 -24 54 13.7                 26607897
    CJ96B020  C1996 02 07.75650 14 37 31.30 -24 54 13.0          10.7 T 26607900
    CJ96B020  C1996 02 07.76642 14 37 31.71 -24 54 12.5          10.6 T 26607900
    CJ96B020  C1996 02 07.77257 14 37 31.97 -24 54 12.0                 26607896
    CJ96B020  C1996 02 07.77569 14 37 32.15 -24 54 11.7                 26607896
    CJ96B020  C1996 02 07.77917 14 37 32.23 -24 54 11.8                 26607896
    CJ96B020  C1996 02 08.19285 14 37 50.65 -24 53 46.7          11.4 T 26607540
    CJ96B020  C1996 02 08.19454 14 37 50.83 -24 53 47.3          11.1 T 26607540
    CJ96B020  C1996 02 08.19587 14 37 50.86 -24 53 47.5          11.2 T 26607540
    CJ96B020  C1996 02 09.17531 14 38 34.95 -24 52 32.7                 26607950
    CJ96B020  C1996 02 09.18174 14 38 35.22 -24 52 32.2                 26607950
    CJ96B020  C1996 02 09.18792 14 38 35.48 -24 52 31.8                 26607950
    CJ96B020  C1996 02 09.19422 14 38 35.75 -24 52 31.3                 26607950
    CJ96B020  C1996 02 09.21172 14 38 36.49 -24 52 29.9                 26607950
    CJ96B020  C1996 02 09.22915 14 38 37.23 -24 52 28.6                 26607950
    CJ96B020  C1996 02 09.35076 14 38 42.74 -24 52 14.8          11.0 T 26607809
    CJ96B020  C1996 02 09.41306 14 38 45.58 -24 52 14.2                 26607711
    CJ96B020  C1996 02 09.41644 14 38 45.71 -24 52 13.9                 26607711
    CJ96B020  C1996 02 09.73850 14 38 59.93 -24 51 46.6                 26785356
    CJ96B020  C1996 02 09.75000 14 39 00.45 -24 51 45.0                 26607896
    CJ96B020  C1996 02 09.75451 14 39 00.72 -24 51 45.3                 26607896
    CJ96B020  C1996 02 09.76042 14 39 00.87 -24 51 45.2                 26607896
    CJ96B020  C1996 02 09.76319 14 39 01.06 -24 51 44.6                 26607896
    CJ96B020  C1996 02 09.79703 14 39 02.42 -24 51 41.8                 26785356
    CJ96B020  C1996 02 10.06442 14 39 14.31 -24 51 17.0                 26607118
    CJ96B020  C1996 02 10.06976 14 39 14.55 -24 51 16.7                 26607118
    CJ96B020  C1996 02 10.07521 14 39 14.82 -24 51 16.3                 26607118
    CJ96B020  C1996 02 10.07659 14 39 14.85 -24 51 15.9                 26607107
    CJ96B020  C1996 02 10.08071 14 39 15.08 -24 51 15.2                 26607046
    CJ96B020  C1996 02 10.08133 14 39 15.00 -24 51 15.5          11.8 T 26607118
    CJ96B020  C1996 02 10.08233 14 39 15.14 -24 51 14.7                 26607046
    CJ96B020  C1996 02 10.08314 14 39 15.16 -24 51 14.8                 26607046
    CJ96B020  C1996 02 10.09300 14 39 15.51 -24 51 14.6                 26607107
    CJ96B020  C1996 02 10.45924 14 39 31.65 -24 50 37.4                 26607711
    CJ96B020  C1996 02 10.46230 14 39 31.78 -24 50 37.0                 26607711
    CJ96B020  C1996 02 10.72916 14 39 43.58 -24 50 08.9                 26607385
    CJ96B020  C1996 02 10.73006 14 39 43.62 -24 50 09.2                 26607385
    CJ96B020  C1996 02 10.73095 14 39 43.65 -24 50 08.9                 26607385
    CJ96B020  C1996 02 10.73183 14 39 43.73 -24 50 08.8                 26607385
    CJ96B020  C1996 02 10.76042 14 39 44.87 -24 50 06.4                 26607896
    CJ96B020  C1996 02 10.76597 14 39 45.15 -24 50 05.7                 26607896
    CJ96B020  C1996 02 10.77083 14 39 45.29 -24 50 05.4                 26607896
    CJ96B020  C1996 02 10.78513 14 39 45.97 -24 50 03.5                 26607864
    CJ96B020  C1996 02 10.80284 14 39 46.64 -24 50 02.1          10.4 T 26607864
    CJ96B020  C1996 02 10.83625 14 39 48.01 -24 49 58.4                 26607897
    CJ96B020  C1996 02 10.84023 14 39 48.15 -24 49 58.8                 26608897
    CJ96B020  C1996 02 10.84517 14 39 48.33 -24 49 57.9                 26608897
    CJ96B020  C1996 02 11.69462 14 40 25.59 -24 48 12.5                 26608422
    CJ96B020  C1996 02 11.69554 14 40 25.62 -24 48 12.4                 26608422
    CJ96B020  C1996 02 11.69633 14 40 25.65 -24 48 12.2                 26608422
    CJ96B020  C1996 02 11.71362 14 40 26.38 -24 48 16.1                 26608410
    CJ96B020  C1996 02 11.71557 14 40 26.48 -24 48 16.1                 26608410
    CJ96B020  C1996 02 11.76014 14 40 28.30 -24 48 10.7                 26608410
    CJ96B020  C1996 02 11.76597 14 40 28.59 -24 48 10.7                 26608896
    CJ96B020  C1996 02 11.77326 14 40 28.84 -24 48 09.8                 26608896
    CJ96B020  C1996 02 11.77717 14 40 29.02 -24 48 08.4          10.3 T 26608900
    CJ96B020  C1996 02 11.78417 14 40 29.34 -24 48 07.3          10.3 T 26608900
    CJ96B020  C1996 02 11.78572 14 40 29.37 -24 48 08.1                 26608355
    CJ96B020  C1996 02 11.79144 14 40 29.64 -24 48 06.0                 26608355
    CJ96B020  C1996 02 12.53193 14 41 01.25 -24 46 29.2                 26608711
    CJ96B020  C1996 02 12.53471 14 41 01.38 -24 46 28.4                 26608711
    CJ96B020  C1996 02 12.79661 14 41 12.69 -24 45 51.6                 26608411
    CJ96B020  C1996 02 12.83220 14 41 14.13 -24 45 46.5                 26608411
    CJ96B020  C1996 02 13.18519 14 41 29.41 -24 44 46.4                 26608844
    CJ96B020  C1996 02 13.19040 14 41 29.64 -24 44 45.7                 26608844
    CJ96B020  C1996 02 13.27103 14 41 32.97 -24 44 34.5                 26608844
    CJ96B020  C1996 02 13.78275 14 41 54.47 -24 43 18.6                 26608896
    CJ96B020  C1996 02 13.79028 14 41 54.74 -24 43 18.0                 26608896
    CJ96B020  C1996 02 13.79809 14 41 55.05 -24 43 17.1                 26608896
    CJ96B020  C1996 02 13.81638 14 41 55.77 -24 43 15.4                 26608355
    CJ96B020  C1996 02 13.81861 14 41 55.87 -24 43 13.6                 26608355
    CJ96B020   1996 02 13.82292 14 41 56.18 -24 43 06.3                 28337323
    CJ96B020  C1996 02 13.85693 14 41 57.44 -24 43 06.8          10.5 T 26608367
    CJ96B020  C1996 02 13.85888 14 41 57.53 -24 43 06.4                 26608367
    CJ96B020  C1996 02 13.86059 14 41 57.59 -24 43 06.3                 26608367
    CJ96B020  C1996 02 13.86233 14 41 57.66 -24 43 06.0                 26608367
    CJ96B020  C1996 02 13.86407 14 41 57.73 -24 43 06.0                 26608367
    CJ96B020  C1996 02 14.21324 14 42 12.68 -24 41 58.7                 26608844
    CJ96B020  C1996 02 14.23000 14 42 13.34 -24 41 55.8                 26608844
    CJ96B020  C1996 02 14.52929 14 42 25.54 -24 41 09.4                 27480696
    CJ96B020  C1996 02 14.53519 14 42 25.77 -24 41 08.2                 27480696
    CJ96B020  C1996 02 14.53905 14 42 25.95 -24 41 07.7                 27480696
    CJ96B020  C1996 02 15.81580 14 43 18.59 -24 36 57.9                 26608360
    CJ96B020  C1996 02 15.81875 14 43 18.70 -24 36 57.3                 26608360
    CJ96B020  C1996 02 15.82118 14 43 18.78 -24 36 56.9                 26608360
    CJ96B020  C1996 02 15.82257 14 43 18.83 -24 36 56.2                 26608896
    CJ96B020  C1996 02 15.82674 14 43 18.93 -24 36 55.4                 26608896
    CJ96B020  C1996 02 15.83021 14 43 19.07 -24 36 55.1                 26608896
    CJ96B020   1996 02 15.83941 14 43 19.47 -24 36 52.3                 26950372
    CJ96B020  C1996 02 16.36058 14 43 40.73 -24 34 52.8                 26608809
    CJ96B020  C1996 02 16.71615 14 43 55.05 -24 33 28.8                 26608424
    CJ96B020  C1996 02 16.72032 14 43 55.25 -24 33 29.7                 26608424
    CJ96B020  C1996 02 16.72130 14 43 55.35 -24 33 28.6                 26608424
    CJ96B020  C1996 02 16.72313 14 43 55.45 -24 33 27.8                 26608424
    CJ96B020  C1996 02 16.72608 14 43 55.48 -24 33 28.3                 26608424
    CJ96B020  C1996 02 17.06558 14 44 09.15 -24 32 15.0                 26608596
    CJ96B020  C1996 02 17.07212 14 44 09.37 -24 32 13.0                 26608596
    CJ96B020  C1996 02 17.08031 14 44 09.70 -24 32 11.6                 26608596
    CJ96B020  C1996 02 17.68843 14 44 33.90 -24 29 29.1                 26608424
    CJ96B020  C1996 02 17.68997 14 44 33.99 -24 29 29.1                 26608424
    CJ96B020  C1996 02 17.69123 14 44 34.00 -24 29 28.4                 26608424
    CJ96B020  C1996 02 18.12263 14 44 50.91 -24 27 41.3                 26785620
    CJ96B020  C1996 02 18.23565 14 44 55.25 -24 27 09.3                 26608954
    CJ96B020  C1996 02 18.71089 14 45 13.79 -24 24 48.0                 26608422
    CJ96B020  C1996 02 18.71171 14 45 13.86 -24 24 47.7                 26608422
    CJ96B020  C1996 02 18.71361 14 45 13.95 -24 24 47.2                 26608422
    CJ96B020  C1996 02 18.71875 14 45 14.18 -24 24 53.5                 26608896
    CJ96B020  C1996 02 18.72431 14 45 14.41 -24 24 51.8                 26608896
    CJ96B020  C1996 02 18.72746 14 45 14.46 -24 24 43.9                 26608422
    CJ96B020  C1996 02 18.72826 14 45 14.49 -24 24 43.0                 26608422
    CJ96B020  C1996 02 18.73125 14 45 14.63 -24 24 49.6                 26608896
    CJ96B020  C1996 02 18.73819 14 45 14.86 -24 24 48.0                 26608896
    CJ96B020  C1996 02 18.79549 14 45 16.99 -24 24 30.9                 26785411
    CJ96B020  C1996 02 18.80211 14 45 17.24 -24 24 29.6                 26785897
    CJ96B020  C1996 02 18.80535 14 45 17.34 -24 24 28.2                 26785411
    CJ96B020  C1996 02 18.81269 14 45 17.62 -24 24 26.2                 26785897
    CJ96B020  C1996 02 20.83700 14 46 34.27 -24 13 22.4                 26785356
    CJ96B020  C1996 02 20.84507 14 46 34.58 -24 13 19.5                 26785356
    CJ96B020   1996 02 20.84653 14 46 34.74 -24 13 12.4                 28337323
    CJ96B020  C1996 02 20.84831 14 46 34.72 -24 13 18.6                 26785356
    CJ96B020   1996 02 21.81076 14 47 10.10 -24 07 12.1                 26950372
    CJ96B020  C1996 02 21.85434 14 47 11.61 -24 06 55.3                 26785360
    CJ96B020  C1996 02 21.85764 14 47 11.72 -24 06 54.1                 26785360
    CJ96B020  C1996 02 22.77189 14 47 44.78 -24 00 30.0          10.0 T 26785900
    CJ96B020  C1996 02 22.78157 14 47 45.11 -24 00 25.8          10.0 T 26785900
    CJ96B020  C1996 02 22.79720 14 47 45.61 -24 00 20.7                 26785355
    CJ96B020  C1996 02 22.79948 14 47 45.66 -24 00 19.2                 26785355
    CJ96B020  C1996 02 22.81003 14 47 45.96 -24 00 15.4                 26785355
    CJ96B020  C1996 02 23.13530 14 47 57.98 -23 57 37.6                 26608844
    CJ96B020  C1996 02 23.18191 14 47 59.08 -23 57 27.4           9.5 T 26608046
    CJ96B020  C1996 02 23.18328 14 47 59.59 -23 57 16.6                 26608844
    CJ96B020  C1996 02 23.18412 14 47 59.15 -23 57 26.1                 26608046
    CJ96B020  C1996 02 23.18603 14 47 59.20 -23 57 25.9                 26608046
    CJ96B020  C1996 02 23.25286 14 48 01.88 -23 56 45.4                 26608844
    CJ96B020   1996 02 23.70851 14 48 17.84 -23 53 19.0                 26950372
    CJ96B020  C1996 02 23.79817 14 48 20.68 -23 52 37.8                 26785355
    CJ96B020  C1996 02 23.80486 14 48 20.95 -23 52 33.4                 26785896
    CJ96B020  C1996 02 23.81324 14 48 21.16 -23 52 30.1                 26785355
    CJ96B020  C1996 02 23.82263 14 48 21.46 -23 52 24.9                 26785411
    CJ96B020  C1996 02 23.83156 14 48 21.74 -23 52 20.3                 26785411
    CJ96B020  C1996 02 24.06149 14 48 29.96 -23 50 28.6                 26608118
    CJ96B020  C1996 02 24.06735 14 48 30.02 -23 50 25.9                 26608118
    CJ96B020  C1996 02 24.09456 14 48 31.07 -23 50 11.3           8.0 T 26608611
    CJ96B020  C1996 02 24.09591 14 48 30.88 -23 50 11.4                 26608118
    CJ96B020  C1996 02 24.11100 14 48 31.58 -23 50 03.0           8.0 T 26608611
    CJ96B020   1996 02 24.73368 14 48 53.04 -23 44 31.2                 28337323
    CJ96B020  C1996 02 24.74761 14 48 53.22 -23 44 24.5                 26608422
    CJ96B020  C1996 02 24.74819 14 48 53.24 -23 44 24.5                 26608422
    CJ96B020  C1996 02 24.76490 14 48 53.75 -23 44 15.6                 26608422
    CJ96B020  C1996 02 24.80253 14 48 55.00 -23 44 05.3                 26785397
    CJ96B020  C1996 02 24.83388 14 48 55.97 -23 43 48.5                 26785397
    CJ96B020  C1996 02 25.06236 14 49 03.86 -23 41 44.5                 26608118
    CJ96B020  C1996 02 25.08750 14 49 04.71 -23 41 29.3           9.5 T 26608540
    CJ96B020  C1996 02 25.08895 14 49 04.81 -23 41 29.3                 26608540
    CJ96B020  C1996 02 25.09057 14 49 04.84 -23 41 27.9                 26608540
    CJ96B020  C1996 02 25.10667 14 49 05.36 -23 41 19.4                 26785587
    CJ96B020  C1996 02 25.11180 14 49 05.52 -23 41 16.3                 26785587
    CJ96B020  C1996 02 25.11382 14 49 05.58 -23 41 15.1                 26785587
    CJ96B020  C1996 02 25.12107 14 49 05.78 -23 41 12.6                 26785616
    CJ96B020  C1996 02 25.12310 14 49 05.83 -23 41 11.6                 26785616
    CJ96B020  C1996 02 25.12953 14 49 06.02 -23 41 07.6                 26785616
    CJ96B020  C1996 02 25.14210 14 49 06.39 -23 40 57.3                 26785107
    CJ96B020  C1996 02 25.15451 14 49 06.75 -23 40 51.9                 26785107
    CJ96B020  c1996 02 25.48712 14 49 17.94 -23 37 43.6                 26608691
    CJ96B020  c1996 02 25.49284 14 49 18.09 -23 37 40.5          16.0 N 26608691
    CJ96B020  c1996 02 25.49575 14 49 18.17 -23 37 38.7          15.9 N 26608691
    CJ96B020  C1996 02 25.73086 14 49 26.02 -23 35 14.9                 26608422
    CJ96B020  C1996 02 25.73141 14 49 26.05 -23 35 14.4                 26608422
    CJ96B020  C1996 02 25.73196 14 49 26.06 -23 35 14.1                 26608422
    CJ96B020  C1996 02 26.06637 14 49 37.11 -23 32 04.7           9.6 T 26608046
    CJ96B020  C1996 02 26.06772 14 49 37.16 -23 32 03.9                 26608046
    CJ96B020  C1996 02 26.06865 14 49 37.18 -23 32 03.4                 26608046
    CJ96B020  C1996 02 26.08450 14 49 37.56 -23 31 52.7                 26608118
    CJ96B020  C1996 02 26.09106 14 49 37.84 -23 31 48.5                 26608118
    CJ96B020  C1996 02 26.15377 14 49 39.71 -23 31 12.0                 26608557
    CJ96B020  C1996 02 26.16862 14 49 40.16 -23 31 02.5                 26608557
    CJ96B020  C1996 02 26.17135 14 49 40.20 -23 31 01.1                 26608557
    CJ96B020  C1996 02 26.74834 14 49 58.92 -23 24 47.0                 26785413
    CJ96B020  C1996 02 26.76154 14 49 59.31 -23 24 38.5                 26785413
    CJ96B020  C1996 02 27.16521 14 50 12.04 -23 20 22.5           8.8 T 26608046
    CJ96B020  C1996 02 27.16894 14 50 12.13 -23 20 19.9                 26608046
    CJ96B020  C1996 02 27.16980 14 50 12.16 -23 20 19.2                 26608046
    CJ96B020  C1996 02 27.17375 14 50 12.89 -23 20 05.3                 26785844
    CJ96B020  C1996 02 27.19160 14 50 12.87 -23 20 05.3                 26785477
    CJ96B020  C1996 02 27.28553 14 50 16.05 -23 18 50.6                 26785844
    CJ96B020  C1996 02 27.72557 14 50 29.77 -23 13 52.6                 26785897
    CJ96B020  C1996 02 27.73262 14 50 30.01 -23 13 47.9                 26785897
    CJ96B020  C1996 02 27.73815 14 50 30.13 -23 13 43.5                 26785897
    CJ96B020  C1996 02 27.74205 14 50 30.24 -23 13 41.9                 26785355
    CJ96B020  C1996 02 27.74453 14 50 30.32 -23 13 40.4                 26785355
    CJ96B020  C1996 02 27.75118 14 50 30.37 -23 13 24.5                 26785413
    CJ96B020  C1996 02 27.75265 14 50 30.40 -23 13 23.4                 26785413
    CJ96B020   1996 02 27.81406 14 50 32.16 -23 12 49.5                 26950372
    CJ96B020  C1996 02 28.08984 14 50 40.77 -23 09 29.0                 26785978
    CJ96B020  C1996 02 28.12382 14 50 41.77 -23 09 04.6           8.6 T 26785046
    CJ96B020  C1996 02 28.12631 14 50 41.83 -23 09 02.6                 26785046
    CJ96B020  C1996 02 28.12911 14 50 41.91 -23 09 00.6                 26785046
    CJ96B020  C1996 02 28.13289 14 50 42.09 -23 08 58.4                 26785978
    CJ96B020  C1996 02 28.21771 14 50 44.55 -23 07 52.3                 26786954
    CJ96B020  C1996 02 28.22100 14 50 44.66 -23 07 50.3                 26786954
    CJ96B020  C1996 02 28.22373 14 50 44.74 -23 07 48.5                 26786954
    CJ96B020  C1996 02 28.22644 14 50 44.82 -23 07 46.4                 26786954
    CJ96B020  C1996 02 28.66439 14 50 58.48 -23 02 11.9                 26786411
    CJ96B020  C1996 02 28.77031 14 51 01.26 -23 00 49.0                 26786900
    CJ96B020  C1996 02 28.77952 14 51 01.51 -23 00 41.8                 26786900
    CJ96B020  C1996 02 28.79176 14 51 01.74 -23 00 31.8                 26786897
    CJ96B020  C1996 02 28.80145 14 51 02.11 -23 00 24.4                 26786897
    CJ96B020  C1996 02 28.81788 14 51 02.54 -23 00 11.1                 26786360
    CJ96B020  C1996 02 28.82031 14 51 02.58 -23 00 09.2                 26786360
    CJ96B020   1996 02 28.82656 14 51 02.67 -23 00 04.9                 26950372
    CJ96B020  C1996 02 28.84052 14 51 03.08 -22 59 54.3                 26786355
    CJ96B020  C1996 02 28.84133 14 51 03.17 -22 59 53.3                 26786355
    CJ96B020  C1996 02 29.20722 14 51 14.09 -22 54 55.2                 26786954
    CJ96B020  C1996 02 29.22179 14 51 14.46 -22 54 43.3                 26786954
    CJ96B020  C1996 02 29.22372 14 51 14.51 -22 54 41.6                 26786954
    CJ96B020  C1996 02 29.22574 14 51 14.56 -22 54 39.9                 26786954
    CJ96B020  C1996 02 29.76219 14 51 30.10 -22 46 54.7                 26786413
    CJ96B020  C1996 02 29.76378 14 51 30.14 -22 46 53.4                 26786413
    CJ96B020  C1996 03 01.68770 14 51 56.49 -22 32 59.5                 26786411
    CJ96B020  C1996 03 01.73525 14 51 57.62 -22 32 14.1                 26786411
    CJ96B020   1996 03 01.78299 14 51 59.01 -22 31 17.5                 28337323
    CJ96B020  C1996 03 01.82525 14 51 59.63 -22 30 46.1                 26786897
    CJ96B020  C1996 03 01.83343 14 51 59.85 -22 30 38.5                 26786897
    CJ96B020  C1996 03 02.07512 14 52 06.97 -22 26 41.6                 26786620
    CJ96B020  C1996 03 02.09580 14 52 07.46 -22 26 21.5                 26786620
    CJ96B020  C1996 03 02.17811 14 52 09.97 -22 24 45.5                 26786844
    CJ96B020  C1996 03 02.17891 14 52 10.00 -22 24 44.3                 26786844
    CJ96B020  C1996 03 02.35451 14 52 14.03 -22 21 47.3                 26786844
    CJ96B020  C1996 03 02.72092 14 52 24.11 -22 15 35.7                 26786411
    CJ96B020  C1996 03 02.73018 14 52 24.32 -22 15 26.0                 26786411
    CJ96B020   1996 03 02.77500 14 52 25.37 -22 14 38.3                 26950372
    CJ96B020  C1996 03 02.78663 14 52 25.51 -22 14 26.3                 26786355
    CJ96B020  C1996 03 02.79589 14 52 25.74 -22 14 15.7                 26786355
    CJ96B020  C1996 03 02.80438 14 52 25.94 -22 14 06.4           8.7 T 26786900
    CJ96B020   1996 03 02.83888 14 52 26.77 -22 13 29.6                 26950372
    CJ96B020  C1996 03 03.02078 14 52 31.87 -22 10 12.9                 26786107
    CJ96B020  C1996 03 03.08225 14 52 33.23 -22 09 05.3                 26786107
    CJ96B020  C1996 03 03.08308 14 52 33.43 -22 09 03.3                 26786104
    CJ96B020  C1996 03 03.09385 14 52 33.66 -22 08 52.0                 26786104
    CJ96B020  C1996 03 03.75062 14 52 50.20 -21 56 17.5                 26786897
    CJ96B020  C1996 03 03.75816 14 52 50.39 -21 56 08.2                 26786897
    CJ96B020  C1996 03 03.77596 14 52 50.70 -21 55 47.1                 26786356
    CJ96B020  C1996 03 03.78265 14 52 50.84 -21 55 38.8                 26786356
    CJ96B020  C1996 03 03.80287 14 52 51.22 -21 55 14.3                 26786356
    CJ96B020  C1996 03 05.16440 14 53 23.56 -21 26 02.7           8.9 T 26786540
    CJ96B020  C1996 03 05.16580 14 53 23.56 -21 26 01.1                 26786540
    CJ96B020  C1996 03 05.16869 14 53 23.69 -21 25 58.7                 26786540
    CJ96B020  C1996 03 05.82541 14 53 38.29 -21 10 12.3                 26786897
    CJ96B020  C1996 03 05.83542 14 53 38.42 -21 09 57.5                 26786897
    CJ96B020  C1996 03 06.04021 14 53 43.34 -21 04 49.6                 26786107
    CJ96B020  C1996 03 06.07848 14 53 44.06 -21 03 51.3                 26786107
    CJ96B020  C1996 03 06.82649 14 53 59.08 -20 43 50.2                 26786897
    CJ96B020  C1996 03 06.83454 14 53 59.22 -20 43 36.6                 26786897
    CJ96B020  C1996 03 07.27777 14 54 08.35 -20 30 37.3                 26786844
    CJ96B020  C1996 03 07.27876 14 54 08.39 -20 30 34.0                 26786844
    CJ96B020  C1996 03 07.27987 14 54 08.38 -20 30 34.1                 26786844
    CJ96B020  C1996 03 07.28082 14 54 08.40 -20 30 32.4                 26786844
    CJ96B020  C1996 03 07.28230 14 54 08.42 -20 30 30.5                 26786844
    CJ96B020  C1996 03 07.28307 14 54 08.45 -20 30 27.8                 26786844
    CJ96B020  C1996 03 08.19002 14 54 25.60 -20 02 12.7                 26786844
    CJ96B020  C1996 03 08.19186 14 54 25.60 -20 02 09.1                 26786844
    CJ96B020  C1996 03 09.06219 14 54 39.90 -19 32 12.7                 26786620
    CJ96B020  C1996 03 09.48955 14 54 45.66 -19 16 04.4                 26786711
    CJ96B020  C1996 03 09.49301 14 54 45.69 -19 15 56.5                 26786711
    CJ96B020  C1996 03 09.63315 14 54 48.84 -19 10 26.4                 26786897
    CJ96B020  C1996 03 11.07845 14 55 06.60 -18 07 24.3           8.9 T 26786605
    CJ96B020  C1996 03 11.08756 14 55 06.64 -18 06 59.3           8.8 T 26786605
    CJ96B020  C1996 03 11.09496 14 55 06.63 -18 06 37.4           8.7 T 26786605
    CJ96B020  C1996 03 11.81830 14 55 13.01 -17 29 48.3                 26786897
    CJ96B020  C1996 03 11.82751 14 55 12.99 -17 29 18.4                 26786897
    CJ96B020   1996 03 12.11319 14 55 15.92 -17 13 36.7                 27149006
    CJ96B020   1996 03 12.11875 14 55 16.23 -17 13 20.0                 27149006
    CJ96B020   1996 03 12.12708 14 55 16.01 -17 12 54.5                 27149006
    CJ96B020   1996 03 12.13403 14 55 16.00 -17 12 28.9                 27149006
    CJ96B020   1996 03 12.13854 14 55 16.12 -17 12 16.1                 27149006
    CJ96B020  C1996 03 12.38873 14 55 17.60 -16 57 53.2           7.1 T 26786819
    CJ96B020  C1996 03 12.40191 14 55 17.61 -16 57 06.4           7.0 T 26786819
    CJ96B020  C1996 03 12.41678 14 55 17.65 -16 56 14.0                 26786819
    CJ96B020  C1996 03 12.65479 14 55 19.98 -16 41 37.4                 27149422
    CJ96B020  C1996 03 12.65630 14 55 19.98 -16 41 32.0                 27149422
    CJ96B020  C1996 03 12.73648 14 55 20.21 -16 36 58.5                 26786410
    CJ96B020  C1996 03 12.74053 14 55 20.20 -16 36 44.1                 26786410
    CJ96B020  C1996 03 12.74657 14 55 20.19 -16 36 22.5                 26786410
    CJ96B020  C1996 03 13.64493 14 55 24.56 -15 36 41.1                 26950421
    CJ96B020  C1996 03 13.66032 14 55 24.51 -15 35 36.2                 26950421
    CJ96B020  C1996 03 13.67316 14 55 24.26 -15 34 41.6                 26786897
    CJ96B020  C1996 03 13.68410 14 55 24.18 -15 33 54.6                 26786900
    CJ96B020  C1996 03 13.69389 14 55 24.18 -15 33 12.7                 26786900
    CJ96B020  C1996 03 13.77564 14 55 23.75 -15 27 17.4                 26786360
    CJ96B020  C1996 03 13.77963 14 55 23.73 -15 27 00.0                 26786360
    CJ96B020  C1996 03 13.78206 14 55 23.71 -15 26 49.3                 26786360
    CJ96B020  C1996 03 13.79602 14 55 23.53 -15 25 49.7                 26786897
    CJ96B020  C1996 03 13.80338 14 55 23.48 -15 25 18.2                 26786897
    CJ96B020   1996 03 13.94346 14 55 24.20 -15 14 58.7                 27751168
    CJ96B020   1996 03 13.96673 14 55 24.06 -15 13 13.7                 27751168
    CJ96B020   1996 03 13.99225 14 55 24.12 -15 11 20.4                 27751168
    CJ96B020   1996 03 14.89630 14 55 23.59 -13 57 18.6                 27751168
    CJ96B020   1996 03 14.96557 14 55 22.98 -13 51 08.2                 27751168
    CJ96B020  C1996 03 15.00324 14 55 23.38 -13 47 36.6                 26786620
    CJ96B020  C1996 03 15.01095 14 55 23.34 -13 46 55.3                 26786620
    CJ96B020  C1996 03 15.11682 14 55 21.80 -13 37 19.8                 26786540
    CJ96B020  C1996 03 15.11817 14 55 21.91 -13 37 11.0                 26786540
    CJ96B020  C1996 03 15.11936 14 55 21.86 -13 37 04.7                 26786540
    CJ96B020  C1996 03 15.73072 14 55 18.23 -12 37 15.8                 26786897
    CJ96B020  C1996 03 15.73228 14 55 18.27 -12 37 05.2                 26786897
    CJ96B020  A1996 03 16.00485 14 55 16.39 -12 08 03.4                 26786057
    CJ96B020  C1996 03 16.01632 14 55 16.24 -12 06 56.1                 26786611
    CJ96B020  A1996 03 16.02290 14 55 15.85 -12 06 07.7                 26786057
    CJ96B020  C1996 03 16.03113 14 55 15.95 -12 05 19.0                 26786611
    CJ96B020  C1996 03 16.04093 14 55 15.97 -12 04 10.7                 26786605
    CJ96B020  C1996 03 16.04557 14 55 15.82 -12 03 41.7                 26786605
    CJ96B020  C1996 03 16.05720 14 55 15.71 -12 02 24.1                 26786605
    CJ96B020  A1996 03 16.05832 14 55 15.39 -12 02 13.5                 26786057
    CJ96B020  C1996 03 16.09899 14 55 14.68 -11 57 45.0                 26786557
    CJ96B020  C1996 03 16.10200 14 55 14.63 -11 57 24.7                 26786557
    CJ96B020  C1996 03 16.36793 14 55 11.60 -11 26 57.6                 26786819
    CJ96B020  C1996 03 16.38134 14 55 11.19 -11 25 22.8                 26786819
    CJ96B020  C1996 03 16.39220 14 55 11.05 -11 24 07.2                 26786819
    CJ96B020  C1996 03 16.65767 14 55 09.53 -10 51 41.7                 26786286
    CJ96B020  C1996 03 16.79201 14 55 06.51 -10 34 43.8                 26786286
    CJ96B020   1996 03 17.05938 14 55 02.18 -09 59 33.4                 27149006
    CJ96B020   1996 03 17.06979 14 55 01.88 -09 58 07.5                 27149006
    CJ96B020   1996 03 17.07656 14 55 01.73 -09 57 11.1                 27149006
    CJ96B020   1996 03 17.08676 14 55 00.67 -09 55 50.0                 28912089
    CJ96B020   1996 03 17.09224 14 55 00.56 -09 55 03.4                 28912089
    CJ96B020   1996 03 17.09606 14 55 00.46 -09 54 34.7                 28912089
    CJ96B020   1996 03 17.09988 14 55 00.30 -09 54 01.4                 28912089
    CJ96B020   1996 03 17.10436 14 55 00.21 -09 53 25.5                 28912089
    CJ96B020   1996 03 17.10834 14 55 00.11 -09 52 53.7                 28912089
    CJ96B020  C1996 03 17.14031 14 54 59.70 -09 48 29.7                 26787540
    CJ96B020  C1996 03 17.14170 14 54 59.73 -09 48 17.0                 26787540
    CJ96B020  C1996 03 17.14277 14 54 59.58 -09 48 07.6                 26787540
    CJ96B020  C1996 03 17.14420 14 54 59.59 -09 47 56.3                 26787540
    CJ96B020  C1996 03 17.32791 14 54 56.58 -09 21 57.3                 26787801
    CJ96B020  C1996 03 17.32924 14 54 56.54 -09 21 45.8                 26787801
    CJ96B020  C1996 03 17.55800 14 54 53.29 -08 47 18.2                 27149422
    CJ96B020   1996 03 18.01412 14 54 42.03 -07 34 59.3                 27149006
    CJ96B020   1996 03 18.01759 14 54 41.86 -07 34 25.3                 27149006
    CJ96B020   1996 03 18.02101 14 54 41.74 -07 33 49.8                 27149006
    CJ96B020  C1996 03 18.06962 14 54 39.58 -07 25 39.3                 26787557
    CJ96B020  C1996 03 18.07291 14 54 39.46 -07 25 05.7                 26787557
    CJ96B020  C1996 03 18.07734 14 54 39.30 -07 24 20.2                 26787557
    CJ96B020  C1996 03 18.08028 14 54 39.19 -07 23 50.2                 26787557
    CJ96B020  C1996 03 18.70567 14 54 20.63 -05 28 10.3                 26787360
    CJ96B020  C1996 03 18.70775 14 54 20.54 -05 27 45.3                 26787360
    CJ96B020  C1996 03 18.70949 14 54 20.46 -05 27 24.5                 26787360
    CJ96B020  C1996 03 18.73451 14 54 19.18 -05 22 24.9                 26787900
    CJ96B020  C1996 03 18.74264 14 54 18.77 -05 20 46.3                 26787900
    CJ96B020  C1996 03 18.79519 14 54 16.20 -05 10 08.2                 26787897
    CJ96B020  C1996 03 18.79642 14 54 16.19 -05 09 53.2                 26787897
    CJ96B020   1996 03 18.91233 14 54 14.03 -04 46 00.7                 43740056
    CJ96B020  C1996 03 18.99234 14 54 10.69 -04 28 57.5                 26787104
    CJ96B020  C1996 03 18.99612 14 54 10.57 -04 28 08.8                 26787104
    CJ96B020   1996 03 19.01667 14 54 09.78 -04 23 44.1                 26787999
    CJ96B020   1996 03 19.02465 14 54 09.41 -04 22 00.6                 26787999
    CJ96B020   1996 03 19.03090 14 54 09.13 -04 20 40.1                 26787999
    CJ96B020  A1996 03 19.03610 14 54 08.21 -04 19 37.2                 26787057
    CJ96B020   1996 03 19.03785 14 54 08.73 -04 19 09.7                 26787999
    CJ96B020   1996 03 19.05787 14 54 07.71 -04 14 46.9                 27149006
    CJ96B020   1996 03 19.06134 14 54 07.57 -04 14 00.4                 27149006
    CJ96B020   1996 03 19.06693 14 54 07.28 -04 12 49.4                 27149006
    CJ96B020   1996 03 19.07041 14 54 07.03 -04 12 02.7                 27150006
    CJ96B020  C1996 03 19.07221 14 54 06.70 -04 11 41.3                 26787540
    CJ96B020  C1996 03 19.07393 14 54 06.62 -04 11 19.7                 26787540
    CJ96B020  C1996 03 19.07568 14 54 06.49 -04 10 56.6                 26787540
    CJ96B020  C1996 03 19.07743 14 54 06.29 -04 10 33.0                 26787540
    CJ96B020   1996 03 19.10347 14 54 04.45 -04 04 52.8                 28913105
    CJ96B020  C1996 03 19.19950 14 54 02.55 -03 42 36.9                 26950834
    CJ96B020  C1996 03 19.23090 14 54 00.72 -03 35 24.4                 26950834
    CJ96B020  C1996 03 19.25084 14 53 59.61 -03 30 53.4                 26950834
    CJ96B020  C1996 03 19.63377 14 53 42.85 -01 58 17.6                 27150422
    CJ96B020  C1996 03 19.63551 14 53 42.73 -01 57 50.9                 27150422
    CJ96B020  A1996 03 19.95138 14 53 26.55 -00 34 45.4                 26787057
    CJ96B020   1996 03 19.96340 14 53 24.86 -00 31 24.9                 27751168
    CJ96B020  C1996 03 19.97186 14 53 25.49 -00 29 01.1                 26787540
    CJ96B020  C1996 03 19.97659 14 53 25.17 -00 27 39.7                 26787540
    CJ96B020  C1996 03 19.97743 14 53 25.44 -00 27 22.5                 26787596
    CJ96B020  C1996 03 19.98002 14 53 24.95 -00 26 42.1                 26787540
    CJ96B020  C1996 03 19.98080 14 53 25.25 -00 26 26.4                 26787596
    CJ96B020   1996 03 19.99533 14 53 23.48 -00 22 23.2                 26950101
    CJ96B020   1996 03 20.03767 14 53 20.53 -00 10 27.5                 26950101
    CJ96B020  C1996 03 20.05591 14 53 19.67 -00 05 13.3                 26787118
    CJ96B020  C1996 03 20.05846 14 53 19.52 -00 04 30.0                 26787118
    CJ96B020   1996 03 20.06851 14 53 18.29 -00 01 37.8                 26950101
    CJ96B020  C1996 03 20.07332 14 53 18.56 -00 00 13.6                 29699045
    CJ96B020  C1996 03 20.07484 14 53 18.46 +00 00 12.5                 29699045
    CJ96B020  C1996 03 20.07687 14 53 18.33 +00 00 47.6                 29699045
    CJ96B020  C1996 03 20.07701 14 53 18.35 +00 00 49.1                 26787557
    CJ96B020  C1996 03 20.07801 14 53 18.26 +00 01 07.5                 29699045
    CJ96B020  C1996 03 20.07955 14 53 18.16 +00 01 33.8                 29699045
    CJ96B020  C1996 03 20.08157 14 53 18.05 +00 02 08.0                 26787557
    CJ96B020  C1996 03 20.08197 14 53 17.76 +00 02 15.2                 26787118
    CJ96B020  C1996 03 20.08375 14 53 17.90 +00 02 45.2                 26787557
    CJ96B020  C1996 03 20.11654 14 53 15.54 +00 12 16.3                 29699045
    CJ96B020  C1996 03 20.11795 14 53 15.44 +00 12 40.9                 29699045
    CJ96B020  C1996 03 20.11914 14 53 15.37 +00 13 01.9                 29699045
    CJ96B020  C1996 03 20.75301 14 52 33.95 +03 36 09.8                 26787900
    CJ96B020  C1996 03 20.76331 14 52 33.04 +03 39 47.8                 26787900
    CJ96B020  C1996 03 20.90843 14 52 24.05 +04 31 54.6                 29699602
    CJ96B020  C1996 03 20.90926 14 52 23.98 +04 32 12.4                 29699602
    CJ96B020  C1996 03 20.91101 14 52 23.84 +04 32 51.3                 29699602
    CJ96B020  C1996 03 20.91183 14 52 23.77 +04 33 09.0                 29699602
    CJ96B020  C1996 03 20.91270 14 52 23.69 +04 33 28.9                 29699602
    CJ96B020  C1996 03 20.91705 14 52 23.33 +04 35 05.6                 26787540
    CJ96B020  C1996 03 20.91965 14 52 23.10 +04 36 03.9                 26787540
    CJ96B020  C1996 03 20.92211 14 52 22.90 +04 36 58.0                 26787540
    CJ96B020   1996 03 20.93072 14 52 21.96 +04 40 13.0                 27349073
    CJ96B020   1996 03 20.93542 14 52 21.50 +04 41 50.7                 43740056
    CJ96B020  C1996 03 20.93625 14 52 21.65 +04 42 12.6                 26787540
    CJ96B020   1996 03 20.94514 14 52 20.72 +04 45 26.8                 43740056
    CJ96B020   1996 03 20.95011 14 52 20.18 +04 47 27.8                 27349073
    CJ96B020  C1996 03 21.00024 14 52 16.02 +05 06 15.9                 26950107
    CJ96B020  C1996 03 21.01690 14 52 14.43 +05 12 35.1                 26950107
    CJ96B020  C1996 03 21.02384 14 52 13.55 +05 15 12.0                 29699045
    CJ96B020  C1996 03 21.02496 14 52 13.44 +05 15 38.0                 29699045
    CJ96B020  C1996 03 21.02595 14 52 13.34 +05 16 00.4                 29699045
    CJ96B020  C1996 03 21.02735 14 52 13.23 +05 16 32.5                 29699045
    CJ96B020   1996 03 21.02830 14 52 13.77 +05 16 56.5                 26787999
    CJ96B020   1996 03 21.03499 14 52 13.04 +05 19 31.4                 27150006
    CJ96B020   1996 03 21.03594 14 52 13.08 +05 19 50.8                 26787999
    CJ96B020   1996 03 21.03845 14 52 12.71 +05 20 51.9                 27150006
    CJ96B020   1996 03 21.04358 14 52 12.33 +05 22 47.9                 26787999
    CJ96B020   1996 03 21.05052 14 52 11.66 +05 25 27.2                 26787999
    CJ96B020   1996 03 21.05093 14 52 11.58 +05 25 38.8                 27150006
    CJ96B020  C1996 03 21.05338 14 52 10.73 +05 26 31.5                 29699045
    CJ96B020  C1996 03 21.05420 14 52 10.66 +05 26 50.6                 29699045
    CJ96B020   1996 03 21.05440 14 52 11.21 +05 26 59.5                 27150006
    CJ96B020  C1996 03 21.05507 14 52 10.55 +05 27 11.1                 29699045
    CJ96B020  C1996 03 21.05595 14 52 10.50 +05 27 31.1                 29699045
    CJ96B020  C1996 03 21.05674 14 52 10.38 +05 27 49.2                 29699045
    CJ96B020   1996 03 21.05972 14 52 10.70 +05 28 59.0                 26787999
    CJ96B020   1996 03 21.06814 14 52 09.96 +05 32 16.8                 26787999
    CJ96B020   1996 03 21.06823 14 52 09.81 +05 32 18.4                 27150006
    CJ96B020   1996 03 21.07172 14 52 09.42 +05 33 40.1                 27150006
    CJ96B020   1996 03 21.07587 14 52 09.07 +05 35 15.3                 27150006
    CJ96B020   1996 03 21.07639 14 52 09.06 +05 35 26.2                 26787999
    CJ96B020   1996 03 21.07934 14 52 08.69 +05 36 38.1                 27150006
    CJ96B020   1996 03 21.08333 14 52 08.44 +05 38 06.9                 26787999
    CJ96B020   1996 03 21.08698 14 52 07.93 +05 39 36.6                 27150006
    CJ96B020  C1996 03 21.11209 14 52 05.01 +05 49 19.8                 26787557
    CJ96B020  C1996 03 21.11529 14 52 04.67 +05 50 34.6                 26787557
    CJ96B020  C1996 03 21.88914 14 50 49.97 +11 34 46.6                 26787540
    CJ96B020  A1996 03 21.90277 14 50 48.38 +11 41 36.2                 26787057
    CJ96B020   1996 03 22.01800 14 50 31.69 +12 40 54.4                 26950101
    CJ96B020   1996 03 22.05576 14 50 26.50 +13 00 53.3                 26950101
    CJ96B020   1996 03 22.07846 14 50 23.26 +13 12 58.2                 26950101
    CJ96B020  C1996 03 22.55627 14 49 19.89 +17 49 03.4                 26950897
    CJ96B020  C1996 03 22.55774 14 49 19.63 +17 49 59.0                 26950897
    CJ96B020   1996 03 22.90706 14 48 19.73 +21 40 29.8                 27150006
    CJ96B020   1996 03 22.91053 14 48 18.98 +21 42 54.2                 27150006
    CJ96B020   1996 03 22.91401 14 48 18.23 +21 45 17.1                 27150006
    CJ96B020  C1996 03 22.94302 14 48 11.72 +22 05 41.6                 26950540
    CJ96B020  C1996 03 22.95292 14 48 09.69 +22 12 40.7                 26950540
    CJ96B020  C1996 03 22.95530 14 48 09.16 +22 14 21.8                 26950540
    CJ96B020  C1996 03 22.95832 14 48 08.56 +22 16 30.8                 26950540
    CJ96B020   1996 03 22.97812 14 48 05.15 +22 30 40.0                 26787999
    CJ96B020   1996 03 22.98646 14 48 03.42 +22 36 37.6                 26787999
    CJ96B020   1996 03 22.99410 14 48 01.78 +22 42 03.9                 26787999
    CJ96B020   1996 03 23.01215 14 47 57.94 +22 55 05.0                 26787999
    CJ96B020   1996 03 23.02118 14 47 56.01 +23 01 34.4                 26787999
    CJ96B020   1996 03 23.02812 14 47 54.56 +23 06 39.0                 26787999
    CJ96B020   1996 03 23.03276 14 47 53.44 +23 10 04.0                 27150006
    CJ96B020   1996 03 23.03576 14 47 52.92 +23 12 13.4                 26787999
    CJ96B020   1996 03 23.03692 14 47 52.46 +23 13 03.2                 27150006
    CJ96B020   1996 03 23.04109 14 47 51.56 +23 16 08.1                 27150006
    CJ96B020   1996 03 23.04271 14 47 51.37 +23 17 14.4                 26787999
    CJ96B020   1996 03 23.04317 14 47 51.10 +23 17 38.5                 27150006
    CJ96B020   1996 03 23.04525 14 47 50.65 +23 19 09.5                 27150006
    CJ96B020   1996 03 23.04965 14 47 49.82 +23 22 19.4                 26787999
    CJ96B020   1996 03 23.04972 14 47 47.86 +23 22 18.7                 28913089
    CJ96B020   1996 03 23.05340 14 47 46.97 +23 24 59.8                 28913089
    CJ96B020   1996 03 23.05729 14 47 48.08 +23 27 52.2                 26787999
    CJ96B020   1996 03 23.06354 14 47 46.70 +23 32 29.2                 26787999
    CJ96B020   1996 03 23.06416 14 47 44.52 +23 32 52.1                 28913089
    CJ96B020   1996 03 23.06930 14 47 43.44 +23 36 36.3                 28913089
    CJ96B020   1996 03 23.07703 14 47 41.70 +23 42 18.3                 28913089
    CJ96B020   1996 03 23.07932 14 47 41.14 +23 43 56.9                 28913089
    CJ96B020   1996 03 23.08257 14 47 40.38 +23 46 21.8                 28913089
    CJ96B020   1996 03 23.08671 14 47 39.53 +23 49 25.1                 28913089
    CJ96B020   1996 03 23.91111 14 44 08.34 +35 16 00.0                 43740056
    CJ96B020  C1996 03 23.91275 14 44 07.35 +35 17 33.8           7.9 T 26787117
    CJ96B020  C1996 03 23.91418 14 44 06.60 +35 18 52.6           8.3 T 26787117
    CJ96B020  C1996 03 23.92315 14 44 04.81 +35 27 21.8                 26950108
    CJ96B020  C1996 03 23.92354 14 44 04.03 +35 27 37.0           7.5 T 26787117
    CJ96B020   1996 03 23.92361 14 44 04.07 +35 27 42.6                 43740056
    CJ96B020  C1996 03 23.92616 14 44 04.02 +35 30 11.6                 26950108
    CJ96B020  C1996 03 23.93183 14 44 01.86 +35 35 32.2                 26950108
    CJ96B020  C1996 03 23.93663 14 44 00.10 +35 39 58.4                 26950108
    CJ96B020  C1996 03 23.94207 14 43 58.19 +35 45 03.5                 26950108
    CJ96B020  C1996 03 23.94428 14 43 56.84 +35 46 58.5           6.5 T 26787117
    CJ96B020   1996 03 23.95174 14 43 55.27 +35 54 01.4                 26787999
    CJ96B020  C1996 03 23.95498 14 43 52.75 +35 57 01.5           8.4 T 26787117
    CJ96B020  C1996 03 23.95541 14 43 53.07 +35 57 32.1                 26950540
    CJ96B020  C1996 03 23.95948 14 43 51.55 +36 01 21.1                 26950540
    CJ96B020   1996 03 23.95951 14 43 52.49 +36 01 21.4                 26787999
    CJ96B020   1996 03 23.96632 14 43 50.07 +36 07 46.7                 26787999
    CJ96B020   1996 03 23.97257 14 43 47.84 +36 13 40.2                 26787999
    CJ96B020   1996 03 23.99965 14 43 37.73 +36 39 19.3                 26787999
    CJ96B020   1996 03 24.00703 14 43 35.03 +36 46 26.7                 27150006
    CJ96B020   1996 03 24.00799 14 43 34.76 +36 47 15.7                 26787999
    CJ96B020   1996 03 24.01051 14 43 33.81 +36 49 43.6                 27150006
    CJ96B020   1996 03 24.01397 14 43 32.47 +36 53 02.1                 27150006
    CJ96B020   1996 03 24.01745 14 43 31.05 +36 56 21.7                 27150006
    CJ96B020   1996 03 24.01927 14 43 30.43 +36 58 01.9                 26787999
    CJ96B020   1996 03 24.02535 14 43 28.19 +37 03 50.2                 26787999
    CJ96B020   1996 03 24.03715 14 43 23.65 +37 15 09.0                 26787999
    CJ96B020  C1996 03 24.03841 14 43 22.05 +37 16 23.1                 26950108
    CJ96B020   1996 03 24.04479 14 43 20.65 +37 22 27.4                 26787999
    CJ96B020   1996 03 24.05243 14 43 17.61 +37 29 46.3                 26787999
    CJ96B020   1996 03 24.06076 14 43 14.45 +37 37 45.4                 26787999
    CJ96B020  A1996 03 24.91570 14 36 00.79 +52 25 12.4                 26950073
    CJ96B020  A1996 03 24.94230 14 35 40.82 +52 54 26.2                 26950073
    CJ96B020   1996 03 24.95175 14 35 33.65 +53 04 50.4                 27349073
    CJ96B020  C1996 03 24.96872 14 35 21.28 +53 23 24.5                 26950540
    CJ96B020  A1996 03 25.02401 14 34 35.64 +54 24 29.3                 26950073
    CJ96B020  A1996 03 25.07102 14 33 55.46 +55 16 23.6                 26950073
    CJ96B020  C1996 03 25.41714 14 28 23.85 +61 39 02.6                 26950897
    CJ96B020  C1996 03 25.42015 14 28 20.35 +61 42 23.7                 26950897
    CJ96B020  C1996 03 25.42367 14 28 16.10 +61 46 17.0                 26950897
    CJ96B020  C1996 03 25.80296 14 18 30.51 +68 40 39.4                 26950540
    CJ96B020  C1996 03 25.80559 14 18 25.27 +68 43 29.2                 26950540
    CJ96B020  C1996 03 25.80941 14 18 17.61 +68 47 36.5                 26950540
    CJ96B020  C1996 03 25.81145 14 18 13.56 +68 49 49.5                 29699045
    CJ96B020  C1996 03 25.81239 14 18 11.59 +68 50 49.8                 29699045
    CJ96B020  C1996 03 25.81328 14 18 09.76 +68 51 46.6                 29699045
    CJ96B020  C1996 03 25.81465 14 18 06.65 +68 53 12.3                 26787046
    CJ96B020  C1996 03 25.81480 14 18 06.79 +68 53 26.3                 29699045
    CJ96B020  C1996 03 25.81512 14 18 05.83 +68 53 42.9                 26787046
    CJ96B020  C1996 03 25.81589 14 18 04.49 +68 54 36.6                 29699045
    CJ96B020  C1996 03 25.81710 14 18 02.10 +68 55 54.2                 29699045
    CJ96B020  C1996 03 25.81894 14 17 58.41 +68 57 53.2                 29699045
    CJ96B020  C1996 03 25.82098 14 17 54.23 +69 00 05.5                 29699045
    CJ96B020  C1996 03 25.82241 14 17 51.37 +69 01 37.5                 29699045
    CJ96B020  C1996 03 25.82475 14 17 46.62 +69 04 08.5                 29699045
    CJ96B020  C1996 03 25.82597 14 17 43.94 +69 05 26.7                 29699045
    CJ96B020  C1996 03 25.82771 14 17 40.32 +69 07 17.6                 29699045
    CJ96B020  C1996 03 25.83315 14 17 29.15 +69 13 09.1                 29699045
    CJ96B020  C1996 03 25.83408 14 17 27.01 +69 14 08.2                 29699045
    CJ96B020  C1996 03 25.83470 14 17 25.73 +69 14 48.7                 29699045
    CJ96B020  C1996 03 25.83718 14 17 20.70 +69 17 25.8                 26950540
    CJ96B020  C1996 03 25.83957 14 17 15.64 +69 20 00.2                 26950540
    CJ96B020  C1996 03 25.84203 14 17 10.27 +69 22 38.3                 26950540
    CJ96B020  C1996 03 25.85936 14 16 33.05 +69 41 14.3                 29699045
    CJ96B020  C1996 03 25.86095 14 16 29.49 +69 42 56.0                 29699045
    CJ96B020  C1996 03 25.90669 14 14 44.90 +70 31 37.7                 29699045
    CJ96B020  C1996 03 25.90813 14 14 41.51 +70 33 08.8                 29699045
    CJ96B020  C1996 03 25.90918 14 14 39.07 +70 34 16.0                 29699045
    CJ96B020  C1996 03 25.93605 14 13 33.33 +71 02 40.8                 29699045
    CJ96B020  C1996 03 25.93751 14 13 29.70 +71 04 13.5                 29699045
    CJ96B020  C1996 03 25.93841 14 13 27.47 +71 05 10.5                 29699045
    CJ96B020  C1996 03 25.94122 14 13 20.38 +71 08 07.3                 29699045
    CJ96B020   1996 03 25.94236 14 13 17.14 +71 09 14.6                 43740056
    CJ96B020  C1996 03 25.94237 14 13 17.42 +71 09 20.2                 29699045
    CJ96B020   1996 03 25.95278 14 12 50.25 +71 20 13.0                 43740056
    CJ96B020  C1996 03 25.95711 14 12 39.73 +71 24 48.0                 26787557
    CJ96B020  C1996 03 25.96071 14 12 30.33 +71 28 35.0                 26787557
    CJ96B020  C1996 03 26.03714 14 08 56.43 +72 48 10.9                 26787557
    CJ96B020  C1996 03 26.03903 14 08 50.80 +72 50 08.5                 26787557
    CJ96B020  C1996 03 26.68674 12 55 53.17 +83 00 10.7                 26950897
    CJ96B020   1996 03 26.98429 10 36 27.80 +86 09 35.6                 28913089
    CJ96B020   1996 03 26.98702 10 34 27.24 +86 10 30.7                 28913089
    CJ96B020  C1996 03 27.86569 04 13 50.70 +79 57 22.9                 26950540
    CJ96B020  C1996 03 27.86886 04 13 34.17 +79 55 24.5                 26950540
    CJ96B020  C1996 03 27.87108 04 13 22.64 +79 54 02.2                 26950540
    CJ96B020   1996 03 27.88385 04 12 18.76 +79 45 52.0                 27150095
    CJ96B020  C1996 03 27.88482 04 12 12.99 +79 45 30.0                 26950540
    CJ96B020  C1996 03 27.88693 04 12 02.60 +79 44 12.7                 26950540
    CJ96B020  C1996 03 27.89925 04 11 02.11 +79 36 33.2                 29699045
    CJ96B020   1996 03 27.89950 04 11 02.76 +79 36 11.4                 27150095
    CJ96B020  C1996 03 27.90080 04 10 54.34 +79 35 34.6                 29699045
    CJ96B020  C1996 03 27.90212 04 10 48.25 +79 34 45.6                 29699045
    CJ96B020  C1996 03 27.90285 04 10 44.77 +79 34 19.2                 29699045
    CJ96B020  C1996 03 27.90458 04 10 36.40 +79 33 15.0                 29699045
    CJ96B020  C1996 03 27.90529 04 10 33.32 +79 32 49.8                 29699045
    CJ96B020  C1996 03 27.92458 04 09 05.07 +79 20 59.3                 26950557
    CJ96B020  C1996 03 27.92914 04 08 44.52 +79 18 11.3                 26950557
    CJ96B020  C1996 03 27.93227 04 08 30.53 +79 16 15.8                 26950557
    CJ96B020  C1996 03 27.93628 04 08 12.82 +79 13 48.9                 26950557
    CJ96B020  C1996 03 27.93889 04 08 01.34 +79 12 12.6                 26950557
    CJ96B020  C1996 03 27.94177 04 07 48.84 +79 10 27.1                 26950557
    CJ96B020  C1996 03 27.94199 04 07 47.18 +79 10 16.3                 29699045
    CJ96B020  C1996 03 27.94297 04 07 42.88 +79 09 40.3                 29699045
    CJ96B020  C1996 03 27.94379 04 07 39.80 +79 09 11.0                 29699045
    CJ96B020  C1996 03 27.94558 04 07 32.38 +79 08 07.3                 26950557
    CJ96B020   1996 03 27.97228 04 05 36.50 +78 51 55.8                 27349006
    CJ96B020   1996 03 27.97367 04 05 30.94 +78 51 07.1                 27349006
    CJ96B020   1996 03 27.97506 04 05 25.45 +78 50 16.1                 27349006
    CJ96B020   1996 03 27.97645 04 05 19.48 +78 49 23.7                 27349006
    CJ96B020   1996 03 27.97783 04 05 14.05 +78 48 33.7                 27349006
    CJ96B020  C1996 03 27.98450 04 04 51.57 +78 44 24.0                 29699045
    CJ96B020  C1996 03 27.98586 04 04 46.41 +78 43 32.9                 29699045
    CJ96B020  C1996 03 27.98733 04 04 40.18 +78 42 41.3                 29699045
    CJ96B020   1996 03 28.07737 03 59 17.98 +77 48 54.0                 26950046
    CJ96B020   1996 03 28.07784 03 59 16.43 +77 48 37.6                 26950046
    CJ96B020   1996 03 28.07830 03 59 15.17 +77 48 20.7                 26950046
    CJ96B020   1996 03 28.07980 03 59 09.76 +77 47 26.9                 26950046
    CJ96B020   1996 03 28.08015 03 59 08.70 +77 47 15.5                 26950046
    CJ96B020   1996 03 28.08050 03 59 08.13 +77 47 03.1                 26950046
    CJ96B020  C1996 03 28.80294 03 35 23.07 +71 22 57.5                 26950540
    CJ96B020  C1996 03 28.80429 03 35 20.15 +71 22 17.9                 26950107
    CJ96B020  C1996 03 28.80435 03 35 21.43 +71 22 18.0                 26950540
    CJ96B020  C1996 03 28.80575 03 35 19.79 +71 21 37.3                 26950540
    CJ96B020  C1996 03 28.80715 03 35 18.17 +71 20 56.1                 26950540
    CJ96B020   1996 03 28.82274 03 35 00.34 +71 13 38.0                 26950999
    CJ96B020  C1996 03 28.82417 03 34 57.45 +71 12 46.0                 26950107
    CJ96B020  C1996 03 28.83001 03 34 50.79 +71 09 50.8                 29699580
    CJ96B020   1996 03 28.83177 03 34 49.96 +71 09 17.4                 26950999
    CJ96B020  C1996 03 28.83418 03 34 46.13 +71 07 51.3                 29699580
    CJ96B020  C1996 03 28.83453 03 34 46.11 +71 07 48.8                 26950107
    CJ96B020  C1996 03 28.83755 03 34 42.40 +71 06 15.2                 29699580
    CJ96B020   1996 03 28.83941 03 34 41.40 +71 05 40.5                 26950999
    CJ96B020   1996 03 28.84705 03 34 32.78 +71 02 00.0                 26950999
    CJ96B020   1996 03 28.85851 03 34 20.31 +70 56 33.9                 26950999
    CJ96B020   1996 03 28.86615 03 34 12.05 +70 52 58.8                 26950999
    CJ96B020   1996 03 28.87391 03 34 03.56 +70 49 19.1                 26951999
    CJ96B020   1996 03 28.88073 03 33 56.46 +70 46 04.7                 26951999
    CJ96B020  C1996 03 29.79753 03 23 10.90 +64 32 55.8                 26951540
    CJ96B020  C1996 03 29.80219 03 23 08.69 +64 31 16.1                 26951540
    CJ96B020  C1996 03 29.80511 03 23 07.20 +64 30 14.0                 26951540
    CJ96B020  C1996 03 29.80916 03 23 05.31 +64 28 47.1                 26951540
    CJ96B020  C1996 03 29.80966 03 23 05.13 +64 28 37.4                 26951107
    CJ96B020  A1996 03 29.82430 03 22 57.55 +64 23 20.0                 26951057
    CJ96B020   1996 03 31.76973 03 14 03.05 +55 37 01.1                 27585101
    CJ96B020   1996 03 31.77666 03 14 01.97 +55 35 33.6                 27585101
    CJ96B020   1996 03 31.78327 03 14 00.83 +55 34 11.4                 27585101
    CJ96B020  C1996 03 31.79996 03 13 57.75 +55 30 52.5                 26951560
    CJ96B020  C1996 03 31.80112 03 13 57.65 +55 30 38.8                 26951560
    CJ96B020  A1996 03 31.85486 03 13 49.12 +55 19 29.5                 26951057
    CJ96B020   1996 04 01.73383 03 11 47.02 +52 38 30.0                 28913089
    CJ96B020   1996 04 01.73645 03 11 46.62 +52 38 03.3                 28913089
    CJ96B020   1996 04 01.74213 03 11 46.04 +52 37 09.1                 28913089
    CJ96B020   1996 04 01.74562 03 11 45.55 +52 36 32.0                 28913089
    CJ96B020  A1996 04 01.76583 03 11 43.33 +52 33 14.0                 26951073
    CJ96B020   1996 04 01.76975 03 11 42.75 +52 32 30.4                 28913089
    CJ96B020  A1996 04 01.77504 03 11 42.14 +52 31 41.9                 26951073
    CJ96B020   1996 04 01.78386 03 11 40.98 +52 30 10.2                 28913089
    CJ96B020  A1996 04 01.79236 03 11 40.31 +52 28 47.0                 26951057
    CJ96B020   1996 04 01.80310 03 11 38.85 +52 26 59.5                 28913089
    CJ96B020   1996 04 01.80656 03 11 38.47 +52 26 25.6                 28913089
    CJ96B020   1996 04 01.80861 03 11 38.39 +52 26 10.3                 27349553
    CJ96B020   1996 04 01.81077 03 11 38.06 +52 25 48.2                 27349553
    CJ96B020   1996 04 01.81212 03 11 38.01 +52 25 30.7                 27349553
    CJ96B020   1996 04 01.81227 03 11 37.84 +52 25 30.1                 28913089
    CJ96B020   1996 04 01.81343 03 11 37.72 +52 25 20.4                 27349553
    CJ96B020   1996 04 01.81471 03 11 37.57 +52 25 05.9                 27349553
    CJ96B020   1996 04 01.81631 03 11 37.40 +52 24 52.7                 27349553
    CJ96B020   1996 04 01.81642 03 11 37.36 +52 24 48.2                 28913089
    CJ96B020   1996 04 01.85373 03 11 33.16 +52 18 44.2                 27349553
    CJ96B020   1996 04 01.85583 03 11 32.87 +52 18 23.7                 27349553
    CJ96B020   1996 04 01.85704 03 11 32.62 +52 18 11.6                 27349553
    CJ96B020   1996 04 01.85828 03 11 32.60 +52 18 00.6                 27349553
    CJ96B020   1996 04 01.85933 03 11 32.62 +52 17 50.2                 27349553
    CJ96B020   1996 04 01.86048 03 11 32.25 +52 17 37.2                 27349553
    CJ96B020   1996 04 01.88609 03 11 29.61 +52 13 32.1                 27349553
    CJ96B020   1996 04 01.88724 03 11 29.48 +52 13 21.3                 27349553
    CJ96B020   1996 04 01.88832 03 11 29.26 +52 13 09.8                 27349553
    CJ96B020   1996 04 01.88969 03 11 29.25 +52 12 56.6                 27349553
    CJ96B020   1996 04 01.89091 03 11 28.80 +52 12 42.1                 27349553
    CJ96B020   1996 04 01.89268 03 11 28.71 +52 12 27.4                 27349553
    CJ96B020  C1996 04 02.47539 03 10 26.15 +50 45 04.4                 26951897
    CJ96B020  C1996 04 02.47957 03 10 25.74 +50 44 27.6                 26951897
    CJ96B020  C1996 04 02.48576 03 10 24.87 +50 43 33.4                 26951353
    CJ96B020  C1996 04 02.49106 03 10 24.50 +50 42 48.9                 26951897
    CJ96B020  C1996 04 02.49360 03 10 24.10 +50 42 26.8                 26951353
    CJ96B020   1996 04 02.73181 03 10 02.01 +50 09 47.2                 27150095
    CJ96B020   1996 04 02.73522 03 10 01.66 +50 09 19.1                 27585101
    CJ96B020   1996 04 02.74237 03 10 01.09 +50 08 18.4                 27585101
    CJ96B020   1996 04 02.74694 03 10 00.44 +50 07 44.0                 27150095
    CJ96B020   1996 04 02.74901 03 10 00.40 +50 07 27.3                 27150095
    CJ96B020   1996 04 02.75021 03 10 00.34 +50 07 16.3                 27585101
    CJ96B020   1996 04 02.89531 03 09 46.97 +49 48 03.1                 27349006
    CJ96B020   1996 04 02.89948 03 09 46.65 +49 47 30.5                 27349006
    CJ96B020   1996 04 02.90295 03 09 46.39 +49 47 03.9                 27349006
    CJ96B020   1996 04 02.90712 03 09 45.98 +49 46 31.9                 27349006
    CJ96B020   1996 04 02.91146 03 09 45.66 +49 45 57.0                 27349006
    CJ96B020  C1996 04 03.47421 03 08 57.81 +48 36 59.7                 27150897
    CJ96B020  C1996 04 03.48850 03 08 56.76 +48 35 18.4                 27150897
    CJ96B020   1996 04 03.73074 03 08 38.19 +48 07 52.4                 27150095
    CJ96B020   1996 04 03.74314 03 08 37.22 +48 06 28.8                 27150095
    CJ96B020   1996 04 03.75839 03 08 35.81 +48 04 44.6                 27150095
    CJ96B020   1996 04 03.90150 03 08 25.22 +47 49 03.8                 27349006
    CJ96B020   1996 04 03.90706 03 08 24.78 +47 48 26.7                 27349006
    CJ96B020   1996 04 03.91262 03 08 24.47 +47 47 51.9                 27349006
    CJ96B020   1996 04 04.72489 03 07 27.60 +46 26 27.0                 27150095
    CJ96B020   1996 04 04.76730 03 07 24.60 +46 22 25.7                 27150095
    CJ96B020   1996 04 04.77818 03 07 24.11 +46 21 23.4                 28913089
    CJ96B020   1996 04 04.78157 03 07 23.83 +46 21 04.0                 28913089
    CJ96B020   1996 04 04.78439 03 07 23.69 +46 20 48.6                 28913089
    CJ96B020   1996 04 04.78678 03 07 23.49 +46 20 35.2                 28913089
    CJ96B020   1996 04 04.78885 03 07 23.39 +46 20 23.3                 28913089
    CJ96B020   1996 04 04.79195 03 07 23.16 +46 20 05.2                 28913089
    CJ96B020   1996 04 04.79440 03 07 23.04 +46 19 52.7                 28913089
    CJ96B020   1996 04 04.79681 03 07 22.84 +46 19 38.6                 28913089
    CJ96B020   1996 04 04.79896 03 07 22.72 +46 19 27.2                 28913089
    CJ96B020  C1996 04 05.43058 03 06 42.17 +45 23 53.6                 26951360
    CJ96B020  C1996 04 05.43197 03 06 42.07 +45 23 46.7                 26951360
    CJ96B020  C1996 04 05.43336 03 06 41.97 +45 23 39.4                 26951360
    CJ96B020   1996 04 05.72748 03 06 24.31 +44 59 23.5                 27150095
    CJ96B020   1996 04 05.72963 03 06 24.23 +44 59 12.9                 28913089
    CJ96B020   1996 04 05.73238 03 06 24.04 +44 58 59.8                 28913089
    CJ96B020   1996 04 05.73463 03 06 23.91 +44 58 48.6                 28913089
    CJ96B020   1996 04 05.74000 03 06 23.58 +44 58 22.5                 28913089
    CJ96B020   1996 04 05.74212 03 06 23.50 +44 58 12.3                 28913089
    CJ96B020   1996 04 05.74496 03 06 23.30 +44 57 58.2                 28913089
    CJ96B020   1996 04 05.74657 03 06 23.09 +44 57 51.2                 27150095
    CJ96B020   1996 04 05.74697 03 06 23.18 +44 57 48.0                 28913089
    CJ96B020   1996 04 05.75044 03 06 22.94 +44 57 30.7                 28913089
    CJ96B020   1996 04 05.75532 03 06 22.66 +44 57 07.7                 28913089
    CJ96B020   1996 04 05.75729 03 06 22.54 +44 56 57.8                 28913089
    CJ96B020   1996 04 05.76036 03 06 22.36 +44 56 42.9                 28913089
    CJ96B020   1996 04 05.76305 03 06 22.17 +44 56 30.0                 28913089
    CJ96B020  C1996 04 05.79342 03 06 20.42 +44 54 06.4                 26951540
    CJ96B020  C1996 04 05.79372 03 06 20.28 +44 54 05.5                 26951560
    CJ96B020  C1996 04 05.80072 03 06 19.98 +44 53 30.6                 26951540
    CJ96B020  C1996 04 05.80477 03 06 19.75 +44 53 10.9                 26951540
    CJ96B020  C1996 04 05.80940 03 06 19.25 +44 52 51.0                 26951560
    CJ96B020  C1996 04 05.82040 03 06 18.60 +44 51 56.5                 26951560
    CJ96B020  C1996 04 06.46510 03 05 40.84 +44 03 00.8                 27150897
    CJ96B020  C1996 04 06.46622 03 05 40.76 +44 02 56.2                 27150897
    CJ96B020  C1996 04 06.77487 03 05 23.50 +43 40 59.9                 26951557
    CJ96B020  C1996 04 06.78008 03 05 23.21 +43 40 37.9                 26951557
    CJ96B020  C1996 04 06.78145 03 05 23.13 +43 40 32.1                 26951557
    CJ96B020  C1996 04 06.80187 03 05 21.92 +43 39 05.9                 26951540
    CJ96B020  C1996 04 06.80353 03 05 21.83 +43 38 59.2                 26951540
    CJ96B020  C1996 04 06.80494 03 05 21.70 +43 38 53.1                 26951540
    CJ96B020   1996 04 06.81748 03 05 20.73 +43 38 03.0                 27349006
    CJ96B020  C1996 04 06.81809 03 05 20.75 +43 37 56.0                 26951107
    CJ96B020  C1996 04 06.82237 03 05 20.50 +43 37 37.7                 26951107
    CJ96B020   1996 04 06.82448 03 05 20.41 +43 37 33.6                 27349006
    CJ96B020   1996 04 06.83142 03 05 20.03 +43 37 06.0                 27349006
    CJ96B020  C1996 04 06.85081 03 05 19.07 +43 35 39.1                 26951046
    CJ96B020  C1996 04 06.85150 03 05 19.11 +43 35 35.8                 26951046
    CJ96B020  C1996 04 06.85289 03 05 19.10 +43 35 30.2                 26951046
    CJ96B020  C1996 04 06.85359 03 05 19.07 +43 35 27.8                 26951046
    CJ96B020  C1996 04 07.43197 03 04 46.50 +42 57 06.8                 26951360
    CJ96B020  C1996 04 07.43406 03 04 46.38 +42 56 58.6                 26951360
    CJ96B020  C1996 04 07.43614 03 04 46.26 +42 56 50.3                 26951360
    CJ96B020  C1996 04 07.77592 03 04 27.93 +42 35 22.7                 26951557
    CJ96B020  C1996 04 07.77942 03 04 27.71 +42 35 09.6                 26951557
    CJ96B020  C1996 04 07.78468 03 04 27.40 +42 34 49.9                 26951046
    CJ96B020  C1996 04 07.78552 03 04 27.34 +42 34 46.5                 26951046
    CJ96B020  C1996 04 07.78619 03 04 27.32 +42 34 44.3                 26951046
    CJ96B020  C1996 04 07.78691 03 04 27.28 +42 34 41.6                 26951046
    CJ96B020  C1996 04 07.79546 03 04 26.69 +42 34 08.9                 26951107
    CJ96B020  C1996 04 07.80449 03 04 26.23 +42 33 35.5                 26951107
    CJ96B020  C1996 04 07.80632 03 04 26.07 +42 33 30.3                 26951560
    CJ96B020  C1996 04 07.81760 03 04 25.45 +42 32 44.2                 26951107
    CJ96B020  C1996 04 07.82595 03 04 25.01 +42 32 15.6                 26951560
    CJ96B020  C1996 04 08.43409 03 03 51.76 +41 56 16.9                 26951360
    CJ96B020  C1996 04 08.43617 03 03 51.63 +41 56 09.6                 26951360
    CJ96B020  C1996 04 08.44138 03 03 51.36 +41 55 51.2                 26951360
    CJ96B020  C1996 04 09.80242 03 02 37.21 +40 42 41.3                 26951107
    CJ96B020  C1996 04 09.81185 03 02 36.70 +40 42 13.5                 26951107
    CJ96B020  C1996 04 09.82164 03 02 36.25 +40 41 45.1                 26951107
    CJ96B020   1996 04 09.82240 03 02 36.18 +40 41 42.6                 27349006
    CJ96B020   1996 04 09.82934 03 02 35.74 +40 41 21.3                 27349006
    CJ96B020   1996 04 09.83628 03 02 35.41 +40 41 01.2                 27349006
    CJ96B020  C1996 04 10.80336 03 01 41.67 +39 54 19.8                 26951107
    CJ96B020  C1996 04 10.81130 03 01 41.09 +39 53 55.3                 26951107
    CJ96B020  C1996 04 10.81949 03 01 40.46 +39 53 32.8                 26951107
    CJ96B020  C1996 04 11.86619 03 00 40.94 +39 06 45.2                 26951620
    CJ96B020  C1996 04 11.87148 03 00 40.60 +39 06 30.0                 26951620
    CJ96B020  C1996 04 12.43622 03 00 07.24 +38 42 33.0                 27150897
    CJ96B020  C1996 04 12.43851 03 00 06.93 +38 42 26.4                 27150897
    CJ96B020  C1996 04 12.43963 03 00 06.95 +38 42 23.8                 27150897
    CJ96B020   1996 04 12.46115 03 00 05.66 +38 41 31.6                 27150372
    CJ96B020   1996 04 12.46253 03 00 05.60 +38 41 27.8                 27150372
    CJ96B020  C1996 04 12.79281 02 59 45.88 +38 27 43.9                 26951107
    CJ96B020  C1996 04 12.80270 02 59 45.23 +38 27 20.6                 26951107
    CJ96B020  C1996 04 12.81304 02 59 44.50 +38 26 55.9                 26951107
    CJ96B020  C1996 04 13.43400 02 59 06.21 +38 01 49.2                 26951421
    CJ96B020  C1996 04 13.43612 02 59 05.96 +38 01 43.5                 26951421
    CJ96B020  C1996 04 13.44962 02 59 05.15 +38 01 11.0                 26951421
    CJ96B020  C1996 04 13.45619 02 59 04.77 +38 00 54.6                 26951421
    CJ96B020  C1996 04 14.78932 02 57 38.24 +37 08 55.5                 26951107
    CJ96B020  C1996 04 14.80012 02 57 37.57 +37 08 30.3                 26951107
    CJ96B020  C1996 04 14.81119 02 57 36.74 +37 08 04.7                 26951107
    CJ96B020  C1996 04 15.80450 02 56 27.69 +36 30 31.4                 26951560
    CJ96B020  C1996 04 16.81433 02 55 13.13 +35 52 45.9                 26951560
    CJ96B020  C1996 04 16.86993 02 55 09.22 +35 50 40.0                 26951540
    CJ96B020  C1996 04 16.87134 02 55 09.07 +35 50 37.2                 26951540
    CJ96B020  C1996 04 16.87213 02 55 09.05 +35 50 35.1                 26951540
    CJ96B020  C1996 04 16.87285 02 55 08.93 +35 50 33.4                 26951540
    CJ96B020  C1996 04 17.78724 02 53 56.95 +35 16 24.2                 29699580
    CJ96B020  C1996 04 17.78901 02 53 56.74 +35 16 18.2                 26951557
    CJ96B020  C1996 04 17.78927 02 53 56.77 +35 16 19.5                 29699580
    CJ96B020  C1996 04 17.79082 02 53 56.70 +35 16 17.5                 29699580
    CJ96B020  C1996 04 17.79560 02 53 56.24 +35 16 03.7                 26951557
    CJ96B020  C1996 04 17.79859 02 53 55.98 +35 15 56.7                 26951557
    CJ96B020  C1996 04 17.79943 02 53 55.92 +35 15 55.0                 26951557
    CJ96B020  C1996 04 17.80158 02 53 55.74 +35 15 50.4                 29699580
    CJ96B020  C1996 04 17.80401 02 53 55.54 +35 15 46.0                 29700580
    CJ96B020  C1996 04 17.80496 02 53 55.61 +35 15 44.9                 29700580
    CJ96B020   1996 04 17.81424 02 53 54.43 +35 15 23.0                 27349006
    CJ96B020   1996 04 17.82188 02 53 53.87 +35 15 06.0                 27349006
    CJ96B020   1996 04 17.82604 02 53 53.52 +35 14 56.0                 27349006
    CJ96B020  C1996 04 18.78559 02 52 33.31 +34 38 35.7                 29700580
    CJ96B020  C1996 04 18.78741 02 52 33.15 +34 38 29.8                 29700580
    CJ96B020  C1996 04 18.78880 02 52 33.12 +34 38 29.8                 29700580
    CJ96B020  C1996 04 18.79110 02 52 32.92 +34 38 23.4                 29700580
    CJ96B020  C1996 04 18.79267 02 52 32.69 +34 38 16.5                 26951557
    CJ96B020  C1996 04 18.79304 02 52 32.70 +34 38 18.2                 29700580
    CJ96B020  C1996 04 18.79911 02 52 32.15 +34 38 01.6                 26951557
    CJ96B020  C1996 04 18.80169 02 52 31.91 +34 37 57.3                 29700580
    CJ96B020  C1996 04 18.80308 02 52 31.71 +34 37 52.2                 29700580
    CJ96B020  C1996 04 18.80550 02 52 31.60 +34 37 46.6                 26951557
    CJ96B020   1996 04 18.81030 02 52 31.04 +34 37 35.3                 26951046
    CJ96B020   1996 04 18.81100 02 52 30.95 +34 37 35.2                 26951046
    CJ96B020   1996 04 18.81157 02 52 30.96 +34 37 32.9                 26951046
    CJ96B020   1996 04 18.81215 02 52 30.95 +34 37 31.1                 26951046
    CJ96B020  C1996 04 19.78852 02 51 03.60 +33 59 36.2                 29700580
    CJ96B020  C1996 04 19.79548 02 51 03.06 +33 59 19.8                 29700580
    CJ96B020  C1996 04 19.79897 02 51 02.74 +33 59 13.2                 29700580
    CJ96B020  C1996 04 19.80311 02 51 02.45 +33 59 02.9                 29700580
    CJ96B020  C1996 04 20.78803 02 49 28.13 +33 19 21.3                 29700580
    CJ96B020  C1996 04 20.79095 02 49 27.95 +33 19 11.7                 26951557
    CJ96B020  C1996 04 20.79156 02 49 27.78 +33 19 09.4                 29700580
    CJ96B020  C1996 04 20.79219 02 49 27.83 +33 19 08.3                 26951557
    CJ96B020  C1996 04 20.79504 02 49 27.52 +33 19 02.9                 29700580
    CJ96B020  C1996 04 20.79749 02 49 27.30 +33 18 54.8                 26951557
    CJ96B020  C1996 04 20.79868 02 49 27.06 +33 18 52.9                 29700580
    CJ96B020  C1996 04 20.79948 02 49 27.11 +33 18 50.1                 26951557
    CJ96B020  C1996 04 20.80168 02 49 26.89 +33 18 45.0                 26951557
    CJ96B020  C1996 04 20.80206 02 49 26.80 +33 18 45.5                 29700580
    CJ96B020  C1996 04 20.80270 02 49 26.80 +33 18 42.4                 26951557
    CJ96B020  C1996 04 20.81183 02 49 25.82 +33 18 19.8                 26951540
    CJ96B020  C1996 04 20.81325 02 49 25.71 +33 18 16.0                 26951540
    CJ96B020  C1996 04 20.81451 02 49 25.61 +33 18 12.7                 26951540
    CJ96B020  C1996 04 21.79166 02 47 45.58 +32 36 53.9                 29700580
    CJ96B020  C1996 04 21.79521 02 47 45.40 +32 36 46.7                 29700580
    CJ96B020  C1996 04 21.79980 02 47 44.88 +32 36 33.2                 29700580
    CJ96B020  C1996 04 21.80207 02 47 44.61 +32 36 26.3                 29700580
    CJ96B020  C1996 04 21.80563 02 47 44.32 +32 36 18.2                 29700580
    CJ96B020  C1996 04 22.78882 02 45 57.02 +31 52 11.1                 29700580
    CJ96B020  C1996 04 22.79199 02 45 56.57 +31 52 01.7                 29700580
    CJ96B020  C1996 04 22.79514 02 45 56.25 +31 51 52.6                 29700580
    CJ96B020  C1996 04 22.79848 02 45 55.77 +31 51 40.3                 29700580
    CJ96B020  C1996 04 22.80206 02 45 55.38 +31 51 31.9                 29700580
    CJ96B020  C1996 05 10.82106 02 23 35.67 +06 18 07.6                 27150422
    CJ96B020  C1996 05 10.82184 02 23 35.99 +06 18 01.1                 27150422
    CJ96B020  C1996 05 10.82363 02 23 35.99 +06 17 50.4                 27150422
    CJ96B020  C1996 05 10.82443 02 23 36.09 +06 17 45.5                 27150422
    CJ96B020  C1996 05 10.82499 02 23 36.02 +06 17 45.8                 27150422
    CJ96B020  C1996 05 10.82586 02 23 36.24 +06 17 42.3                 27150422
    CJ96B020  C1996 05 11.81796 02 24 35.00 +04 49 13.0                 27150422
    CJ96B020  C1996 05 11.82003 02 24 35.07 +04 49 03.0                 27150422
    CJ96B020   1996 05 17.91389 02 33 27.65 -03 43 45.9                 27150323
    CJ96B020  C1996 05 18.81481 02 35 06.24 -04 56 37.6                 27150422
    CJ96B020  C1996 05 18.82053 02 35 06.85 -04 57 05.1                 27150422
    CJ96B020  C1996 05 18.82140 02 35 07.15 -04 57 13.5                 27150422
    CJ96B020  C1996 05 18.82251 02 35 07.14 -04 57 14.3                 27150422
    CJ96B020  C1996 05 20.82068 02 39 00.95 -07 37 25.0                 27150422
    CJ96B020  C1996 05 20.82131 02 39 01.03 -07 37 28.3                 27150422
    CJ96B020  C1996 05 20.82190 02 39 01.08 -07 37 30.9                 27150422
    CJ96B020  C1996 05 20.82272 02 39 01.18 -07 37 34.8                 27150422
    CJ96B020  C1996 05 20.82339 02 39 01.26 -07 37 38.3                 27150422
    CJ96B020  C1996 05 20.82489 02 39 01.42 -07 37 45.7                 27150422
    CJ96B020  C1996 05 20.82647 02 39 01.66 -07 37 52.5                 27150422
    CJ96B020  C1996 05 21.78828 02 41 01.14 -08 54 26.1                 27150422
    CJ96B020  C1996 05 21.78896 02 41 01.24 -08 54 29.0                 27150422
    CJ96B020  C1996 05 23.79125 02 45 24.36 -11 33 10.8                 27150422
    CJ96B020  C1996 05 23.79181 02 45 24.36 -11 33 13.6                 27150422
    CJ96B020  C1996 05 23.79269 02 45 24.55 -11 33 17.6                 27150422
    CJ96B020   1996 05 23.91146 02 45 40.75 -11 42 40.8                 28913323
    CJ96B020   1996 05 28.90729 02 57 59.60 -18 16 48.8                 28913323
    CJ96B020  C1996 06 07.83909 03 28 22.09 -31 18 34.7                 27349413
    CJ96B020  C1996 06 08.83970 03 31 54.87 -32 36 38.1                 27349413
    CJ96B020  C1996 06 10.83644 03 39 17.45 -35 11 22.5                 27349413
    CJ96B020  C1996 06 10.83806 03 39 17.81 -35 11 30.3                 27349413
    CJ96B020   1996 07 09.91736 06 31 19.61 -64 35 17.9                 29700323
    CJ96B020   1996 07 26.47014 09 01 58.02 -69 59 45.8                 29700323
    CJ96B020  C1996 08 09.45991 10 50 41.85 -69 46 18.4                 27585422
    CJ96B020  C1996 08 09.46314 10 50 43.12 -69 46 17.0                 27585422
    CJ96B020  C1996 08 12.44240 11 09 24.82 -69 28 47.1                 27585422
    CJ96B020  C1996 08 12.44300 11 09 24.99 -69 28 47.4                 27585422
    CJ96B020  C1996 09 13.43960 13 24 15.18 -66 02 03.6                 27952422
    CJ96B020  C1996 09 13.44074 13 24 15.54 -66 02 03.8                 27952422
    CJ96B020  C1996 09 13.44475 13 24 16.10 -66 02 04.4                 27952422
    CJ96B020  C1996 09 14.46086 13 27 20.05 -65 57 09.6                 27952422
    CJ96B020  C1996 09 14.46510 13 27 20.96 -65 57 08.6                 27952422
    CJ96B020  C1996 09 14.46981 13 27 21.91 -65 57 07.3                 27952422
    CJ96B020  C1996 10 24.44471 15 05 18.58 -64 27 33.5          17.5 T 28118422
    CJ96B020  C1996 10 24.44859 15 05 19.23 -64 27 33.5          16.8 T 28118422
    CJ96B020  C1996 10 25.41981 15 07 21.29 -64 27 31.6                 28118422
    CJ96B020  C1996 10 25.42445 15 07 21.85 -64 27 32.5                 28118422
    CJ96B020  C1996 10 25.42810 15 07 22.36 -64 27 32.4                 28118422
    CJ96B020  C1996 10 28.42787 15 13 36.15 -64 27 57.0                 28118422
    CJ96B020  C1996 10 28.43290 15 13 36.77 -64 27 56.9                 28118422
    CJ96B020  C1996 10 29.43812 15 15 40.96 -64 28 16.1                 28118422
    CJ96B020  C1996 10 29.44325 15 15 41.37 -64 28 15.8                 28118422
    CJ96B020  C1996 11 01.41393 15 21 44.79 -64 29 40.9                 28118413
    CJ96B020  C1996 11 02.42026 15 23 46.64 -64 30 19.5                 28118413
    CJ96B020  C1996 11 02.42375 15 23 46.98 -64 30 19.4                 28118413
