    CJ98P010  C1998 11 14.85311 13 24 44.10 -21 10 17.5          10.9 T 33155402
    CJ98P010  C1998 11 14.85416 13 24 44.11 -21 10 16.0                 33155402
    CJ98P010  C1998 11 14.85520 13 24 43.98 -21 10 14.5                 33155402
    CJ98P010   1998 11 14.85833 13 24 43.90 -21 10 12.1           7.9 T 33155372
    CJ98P010   1998 11 14.86007 13 24 43.82 -21 10 10.0                 33155372
    CJ98P010   1998 11 15.85740 13 24 29.95 -20 56 49.5           8.0 T 33155372
    CJ98P010   1998 11 15.86097 13 24 29.92 -20 56 46.8                 33155372
    CJ98P010  C1998 11 19.82750 13 23 28.98 -20 02 37.2                 33155897
    CJ98P010  C1998 11 19.82894 13 23 28.76 -20 02 36.6          10   T 33155897
    CJ98P010  C1998 11 19.83756 13 23 28.56 -20 02 29.8                 33155897
    CJ98P010  C1998 11 19.84048 13 23 28.57 -20 02 26.9                 33155897
    CJ98P010  C1998 11 19.84476 13 23 28.46 -20 02 23.8          11.0 T 33155351
    CJ98P010  C1998 11 19.84710 13 23 28.42 -20 02 21.2                 33155351
    CJ98P010  C1998 11 19.84881 13 23 28.36 -20 02 20.5                 33155351
    CJ98P010  C1998 11 22.28848 13 22 45.32 -19 27 49.4                 33155860
    CJ98P010  C1998 11 22.29377 13 22 45.23 -19 27 45.3                 33155860
    CJ98P010  C1998 11 22.84345 13 22 34.70 -19 19 55.7          11.1 T 33155351
    CJ98P010  C1998 11 22.84527 13 22 34.65 -19 19 53.8                 33155351
    CJ98P010  C1998 11 22.84939 13 22 34.57 -19 19 50.4          10.7 T 33155900
    CJ98P010  C1998 11 22.85106 13 22 34.59 -19 19 50.5                 33155351
    CJ98P010  C1998 11 22.85441 13 22 34.48 -19 19 45.4                 33155351
    CJ98P010  C1998 11 22.85509 13 22 34.52 -19 19 45.5                 33155900
    CJ98P010  C1998 11 23.82259 13 22 15.52 -19 05 43.4                 35768897
    CJ98P010  C1998 11 23.82671 13 22 15.43 -19 05 39.8                 35768897
    CJ98P010  C1998 11 23.84358 13 22 15.08 -19 05 25.0                 35768897
    CJ98P010  C1998 11 24.84095 13 21 54.62 -18 50 45.5                 33155355
    CJ98P010  C1998 11 24.84240 13 21 54.59 -18 50 44.1          10.7 T 33155355
    CJ98P010  C1998 11 24.84523 13 21 54.52 -18 50 41.4                 33155355
    CJ98P010  C1998 11 28.83756 13 20 22.51 -17 49 48.6          10.2 T 33155900
    CJ98P010  C1998 11 28.84673 13 20 22.22 -17 49 39.8                 33155900
    CJ98P010  C1998 11 28.84757 13 20 22.33 -17 49 39.6           9.9 T 33155360
    CJ98P010  C1998 11 28.84931 13 20 22.29 -17 49 37.9                 33155360
    CJ98P010   1998 11 28.85229 13 20 22.15 -17 49 34.7           9.0 T 33417372
    CJ98P010  C1998 12 03.40152 13 18 14.33 -16 35 02.5          11.7 N 33155758
    CJ98P010  C1998 12 03.40505 13 18 14.29 -16 34 58.7          11.5 N 33155758
    CJ98P010  C1998 12 03.40921 13 18 14.22 -16 34 54.6          11.4 N 33155758
    CJ98P010  C1998 12 04.39740 13 17 42.75 -16 17 50.9          11.2 T 33155758
    CJ98P010  C1998 12 04.40302 13 17 42.53 -16 17 45.4          11.2 T 33155758
    CJ98P010  C1998 12 04.40719 13 17 42.37 -16 17 40.9          11.1 T 33155758
    CJ98P010  C1998 12 12.84007 13 12 07.11 -13 36 08.1                 33417351
    CJ98P010  C1998 12 12.84308 13 12 06.83 -13 36 04.1                 33417351
    CJ98P010  C1998 12 12.84911 13 12 06.64 -13 35 56.8                 33417351
    CJ98P010   1998 12 16.81510 13 08 37.64 -12 07 34.1           8.7 T 33417372
    CJ98P010  C1998 12 16.83976 13 08 36.20 -12 06 59.9          10.1 T 33417360
    CJ98P010  C1998 12 16.84167 13 08 36.11 -12 06 57.3                 33417360
    CJ98P010  C1998 12 17.85320 13 07 36.23 -11 42 50.3                 35768897
    CJ98P010  C1998 12 17.85928 13 07 35.85 -11 42 41.6                 35768897
    CJ98P010  C1998 12 18.85124 13 06 34.56 -11 18 21.4          11.9 T 33417402
    CJ98P010  C1998 12 18.85263 13 06 34.48 -11 18 19.5                 33417402
    CJ98P010  C1998 12 18.85402 13 06 34.39 -11 18 17.4                 33417402
    CJ98P010   1998 12 19.78663 13 05 34.28 -10 54 45.7           9.1 T 33417372
    CJ98P010  C1998 12 19.80282 13 05 33.02 -10 54 20.5          11.6 T 33417355
    CJ98P010  C1998 12 19.80703 13 05 32.74 -10 54 13.9                 33417355
    CJ98P010  C1998 12 19.80874 13 05 32.62 -10 54 11.5                 33417355
    CJ98P010  C1998 12 22.76680 13 02 03.59 -09 35 08.3                 33417900
    CJ98P010  C1998 12 22.77602 13 02 02.86 -09 34 52.8                 33417900
    CJ98P010  C1998 12 24.83628 12 59 19.69 -08 35 28.2          10.0 T 33417360
    CJ98P010  C1998 12 24.83802 12 59 19.54 -08 35 25.1                 33417360
    CJ98P010  C1998 12 24.87332 12 59 16.46 -08 34 22.8                 35768897
    CJ98P010  C1998 12 24.87568 12 59 16.29 -08 34 18.3                 35768897
    CJ98P010  C1998 12 27.82760 12 54 54.37 -07 02 09.8          11.9 T 33417402
    CJ98P010  C1998 12 27.82900 12 54 54.24 -07 02 07.1                 33417402
    CJ98P010  C1998 12 27.83039 12 54 54.10 -07 02 04.3                 33417402
    CJ98P010   1998 12 27.85104 12 54 52.08 -07 01 23.6           9.6 T 33621372
    CJ98P010   1998 12 29.86514 12 51 32.44 -05 53 20.9           9.7 T 33621372
    CJ98P010  C1998 12 30.45795 12 50 29.95 -05 32 27.6          12.2 T 33417758
    CJ98P010  C1998 12 30.46208 12 50 29.34 -05 32 19.4          12.6 T 33417758
    CJ98P010  C1998 12 30.46556 12 50 28.95 -05 32 12.2          12.6 T 33417758
    CJ98P010  C1998 12 31.24750 12 49 04.85 -05 04 05.2          13.7 T 33621613
    CJ98P010  C1998 12 31.25052 12 49 04.54 -05 03 57.8          13.7 T 33621613
    CJ98P010  C1999 01 01.83534 12 46 04.24 -04 04 40.9          12.2 T 33417351
    CJ98P010  C1999 01 01.83969 12 46 03.70 -04 04 30.4                 33417351
    CJ98P010  C1999 01 01.84601 12 46 02.95 -04 04 16.0                 33417351
    CJ98P010  C1999 01 01.84946 12 46 02.56 -04 04 09.5                 33417351
    CJ98P010  C1999 01 02.77306 12 44 11.70 -03 28 09.0                 33417355
    CJ98P010  C1999 01 02.77876 12 44 10.95 -03 27 56.2                 33417355
    CJ98P010  C1999 01 02.78465 12 44 10.23 -03 27 41.7                 33417355
    CJ98P010  C1999 01 05.75684 12 37 41.77 -01 24 26.4          12.0 T 33621900
    CJ98P010  C1999 01 05.76431 12 37 40.75 -01 24 07.0                 33621900
    CJ98P010   1999 01 09.67413 12 27 50.08 +01 36 26.6                 33824372
    CJ98P010   1999 01 10.69837 12 24 58.94 +02 27 22.1                 33824372
    CJ98P010  C1999 01 11.39201 12 22 58.95 +03 02 43.0                 33824720
    CJ98P010  C1999 01 11.39479 12 22 58.44 +03 02 51.9                 33824720
    CJ98P010  C1999 01 11.39757 12 22 58.00 +03 03 00.3                 33824720
    CJ98P010  C1999 01 11.40035 12 22 57.46 +03 03 09.0                 33824720
    CJ98P010  C1999 01 11.40312 12 22 56.98 +03 03 17.2                 33824720
    CJ98P010  C1999 01 11.40868 12 22 56.00 +03 03 34.5                 33824720
    CJ98P010  C1999 01 11.41146 12 22 55.50 +03 03 43.3                 33824720
    CJ98P010  C1999 01 11.41424 12 22 55.02 +03 03 51.6                 33824720
    CJ98P010  C1999 01 11.42257 12 22 53.53 +03 04 17.1                 33824720
    CJ98P010  C1999 01 11.42535 12 22 53.03 +03 04 25.8                 33824720
    CJ98P010  C1999 01 11.42813 12 22 52.56 +03 04 34.4                 33824720
    CJ98P010  C1999 01 11.43090 12 22 52.06 +03 04 42.7                 33824720
    CJ98P010   1999 01 13.71701 12 15 51.95 +05 06 09.7          10.2 T 33824372
    CJ98P010  C1999 01 14.14763 12 14 28.29 +05 29 50.1          12.6 T 33621120
    CJ98P010  C1999 01 14.14897 12 14 28.00 +05 29 54.8                 33621120
    CJ98P010  C1999 01 14.15034 12 14 27.73 +05 29 59.8                 33621120
    CJ98P010  C1999 01 14.15170 12 14 27.48 +05 30 04.0                 33621120
    CJ98P010  C1999 01 14.16187 12 14 25.43 +05 30 38.0          12.8 T 33621120
    CJ98P010  C1999 01 14.16310 12 14 25.13 +05 30 41.6                 33621120
    CJ98P010  C1999 01 14.16419 12 14 24.93 +05 30 45.7                 33621120
    CJ98P010  C1999 01 14.16538 12 14 24.68 +05 30 49.6                 33621120
    CJ98P010  C1999 01 15.16843 12 11 04.93 +06 27 04.3          12.8 T 33621120
    CJ98P010  C1999 01 15.17123 12 11 04.34 +06 27 13.7                 33621120
    CJ98P010  C1999 01 15.17435 12 11 03.60 +06 27 24.9                 33621120
    CJ98P010  C1999 01 15.17648 12 11 03.17 +06 27 32.7                 33621120
    CJ98P010  C1999 01 15.67500 12 09 21.28 +06 56 02.2                 33621896
    CJ98P010  C1999 01 15.67847 12 09 20.50 +06 56 14.7                 33621896
    CJ98P010  C1999 01 15.68194 12 09 19.77 +06 56 25.2                 33621896
    CJ98P010  C1999 01 15.95749 12 08 22.30 +07 12 17.7          12.5 T 33621057
    CJ98P010  C1999 01 15.95992 12 08 21.82 +07 12 25.8                 33621057
    CJ98P010  C1999 01 15.96065 12 08 21.59 +07 12 29.2          12.7 T 33621057
    CJ98P010  C1999 01 15.96653 12 08 20.49 +07 12 49.5                 33621057
    CJ98P010  C1999 01 15.96804 12 08 19.92 +07 12 54.6          12.5 T 33621057
    CJ98P010  C1999 01 15.97006 12 08 19.83 +07 13 00.0                 33621057
    CJ98P010  C1999 01 15.97141 12 08 19.34 +07 13 07.7          12.6 T 33621057
    CJ98P010  C1999 01 15.97331 12 08 19.02 +07 13 13.8                 33621057
    CJ98P010  C1999 01 15.97404 12 08 18.82 +07 13 16.5          12.6 T 33621057
    CJ98P010  C1999 01 15.97484 12 08 18.58 +07 13 17.2                 33621057
    CJ98P010  C1999 01 15.97693 12 08 18.29 +07 13 25.1          12.6 T 33621057
    CJ98P010  C1999 01 15.98193 12 08 17.11 +07 13 43.1                 33621057
    CJ98P010  C1999 01 15.98269 12 08 17.03 +07 13 45.8          12.6 T 33622057
    CJ98P010  C1999 01 15.98485 12 08 16.54 +07 13 54.1                 33622057
    CJ98P010  C1999 01 15.98559 12 08 16.31 +07 13 55.9          12.6 T 33622057
    CJ98P010  C1999 01 16.44965 12 06 38.10 +07 40 57.7                 33824720
    CJ98P010  C1999 01 16.45660 12 06 36.66 +07 41 23.0                 33824720
    CJ98P010  C1999 01 17.74937 12 01 54.54 +08 57 59.6          11.3 T 33622402
    CJ98P010  C1999 01 17.75098 12 01 54.17 +08 58 05.7                 33622402
    CJ98P010  C1999 01 17.75259 12 01 53.83 +08 58 11.2                 33622402
    CJ98P010  C1999 01 17.98913 12 01 00.80 +09 12 24.4          12.4 T 33622057
    CJ98P010  C1999 01 17.99098 12 01 00.37 +09 12 31.5                 33622057
    CJ98P010  C1999 01 17.99294 12 00 59.91 +09 12 38.4          12.3 T 33622057
    CJ98P010  C1999 01 17.99367 12 00 59.71 +09 12 40.7                 33622057
    CJ98P010  C1999 01 17.99534 12 00 59.40 +09 12 46.5          12.3 T 33622057
    CJ98P010  C1999 01 17.99599 12 00 59.09 +09 12 49.0                 33622057
    CJ98P010  C1999 01 17.99770 12 00 58.78 +09 12 55.9          12.4 T 33622057
    CJ98P010  C1999 01 17.99840 12 00 58.76 +09 12 58.6                 33622057
    CJ98P010   1999 01 19.68672 11 54 26.45 +10 56 32.7                 33824372
    CJ98P010  C1999 01 21.00104 11 49 04.84 +12 19 09.8                 33622611
    CJ98P010  C1999 01 21.00220 11 49 04.49 +12 19 14.8                 33622611
    CJ98P010  C1999 01 21.02718 11 48 58.16 +12 20 49.6          12.1 T 33622113
    CJ98P010  C1999 01 21.03002 11 48 57.44 +12 21 00.0          12.1 T 33622113
    CJ98P010  C1999 01 21.06910 11 48 47.64 +12 23 30.0          12.1 T 33622113
    CJ98P010  C1999 01 21.07565 11 48 45.99 +12 23 55.0          12.0 T 33622113
    CJ98P010   1999 01 21.73788 11 45 58.23 +13 06 13.3           8.7 T 33824372
    CJ98P010  C1999 01 21.80069 11 45 41.98 +13 10 15.1          10.3 T 33622360
    CJ98P010  C1999 01 21.80278 11 45 41.44 +13 10 23.1                 33622360
    CJ98P010  C1999 01 22.16662 11 44 07.46 +13 33 44.2                 33622046
    CJ98P010  C1999 01 22.16828 11 44 07.04 +13 33 50.2                 33622046
    CJ98P010  C1999 01 22.16950 11 44 06.71 +13 33 55.4                 33622046
    CJ98P010  C1999 01 22.61877 11 42 09.59 +14 02 56.9                 33622355
    CJ98P010  C1999 01 22.62162 11 42 08.82 +14 03 07.6                 33622355
    CJ98P010  C1999 01 22.63177 11 42 06.14 +14 03 47.2                 33622355
    CJ98P010  C1999 01 22.74727 11 41 35.37 +14 11 16.7          10.4 T 33622900
    CJ98P010  C1999 01 22.75463 11 41 33.44 +14 11 44.9                 33622900
    CJ98P010  C1999 01 22.81678 11 41 16.75 +14 15 47.4          11.1 T 33622351
    CJ98P010  C1999 01 22.82313 11 41 15.04 +14 16 11.2                 33622351
    CJ98P010  C1999 01 22.82663 11 41 14.06 +14 16 26.0                 33622351
    CJ98P010   1999 01 22.90000 11 40 54.93 +14 21 12.6                 44688056
    CJ98P010   1999 01 23.95139 11 36 11.26 +15 29 35.0                 44688056
    CJ98P010   1999 01 24.96806 11 31 28.44 +16 36 19.2                 44688056
    CJ98P010   1999 01 24.99236 11 31 21.01 +16 37 56.3                 44688056
    CJ98P010   1999 01 25.64826 11 28 14.31 +17 21 10.7                 33824372
    CJ98P010  C1999 01 26.55668 11 23 49.76 +18 21 03.5          11.5 T 33622367
    CJ98P010  C1999 01 26.55876 11 23 49.13 +18 21 12.0                 33622367
    CJ98P010  C1999 01 26.56084 11 23 48.53 +18 21 19.9                 33622367
    CJ98P010   1999 01 26.72986 11 22 58.28 +18 32 29.1                 33824372
    CJ98P010  C1999 01 28.59277 11 13 33.98 +20 34 55.2                 33622355
    CJ98P010  C1999 01 28.59777 11 13 32.43 +20 35 14.7                 33622355
    CJ98P010  C1999 01 28.60007 11 13 31.70 +20 35 23.8                 33622355
    CJ98P010  C1999 01 29.81799 11 07 08.57 +21 54 40.4                 36157897
    CJ98P010  C1999 01 29.81921 11 07 08.27 +21 54 45.1                 36157897
    CJ98P010  C1999 01 29.90381 11 06 41.91 +22 00 10.2          11.6 T 34093605
    CJ98P010  C1999 01 29.91633 11 06 37.87 +22 00 58.1          11.6 T 34093605
    CJ98P010  C1999 01 29.93108 11 06 33.09 +22 01 55.3          11.5 T 34094605
    CJ98P010   1999 02 05.55920 10 29 21.96 +28 45 05.4           9.8 T 33824372
    CJ98P010  C1999 02 05.63523 10 28 55.09 +28 49 18.8          11.6 T 33824355
    CJ98P010  C1999 02 05.63807 10 28 54.11 +28 49 28.5                 33824355
    CJ98P010  C1999 02 05.64192 10 28 52.73 +28 49 41.1                 33824355
    CJ98P010  C1999 02 06.51110 10 23 47.71 +29 37 13.2          12.6 T 33824351
    CJ98P010  C1999 02 06.51440 10 23 46.55 +29 37 23.5                 33824351
    CJ98P010  C1999 02 06.51800 10 23 45.28 +29 37 35.0                 33824351
    CJ98P010  C1999 02 07.54466 10 17 42.92 +30 31 46.0                 33824352
    CJ98P010  C1999 02 07.56054 10 17 37.24 +30 32 36.0                 33824352
    CJ98P010  C1999 02 08.59366 10 11 31.47 +31 24 54.1          10.7 T 33824900
    CJ98P010  C1999 02 08.59929 10 11 29.46 +31 25 10.5                 33824900
    CJ98P010  C1999 02 08.62032 10 11 21.94 +31 26 10.9                 33824352
    CJ98P010  C1999 02 08.62380 10 11 20.70 +31 26 22.1                 33824352
    CJ98P010  C1999 02 08.67170 10 11 03.61 +31 28 45.4          11.2 T 33824402
    CJ98P010  C1999 02 08.67296 10 11 03.15 +31 28 49.0                 33825402
    CJ98P010  C1999 02 08.67422 10 11 02.70 +31 28 52.9                 33825402
    CJ98P010  C1999 02 08.89928 10 09 43.32 +31 39 53.2                 33825160
    CJ98P010  C1999 02 09.15877 10 08 10.75 +31 52 27.3          12.5 T 33825118
    CJ98P010  C1999 02 09.16700 10 08 07.83 +31 52 50.9                 33825118
    CJ98P010  C1999 02 09.35655 10 07 00.90 +32 01 58.3          13.8 T 33825750
    CJ98P010  C1999 02 09.35983 10 06 59.69 +32 02 07.0          13.8 T 33825750
    CJ98P010  C1999 02 09.36443 10 06 58.04 +32 02 20.4          16.3 T 33825750
    CJ98P010  C1999 02 09.36987 10 06 56.12 +32 02 36.3          13.8 T 33825750
    CJ98P010  C1999 02 09.57522 10 05 43.86 +32 12 22.7                 33825355
    CJ98P010  C1999 02 09.57711 10 05 43.20 +32 12 28.1                 33825355
    CJ98P010  C1999 02 09.58024 10 05 42.09 +32 12 37.1                 33825355
    CJ98P010   1999 02 09.59410 10 05 37.13 +32 13 17.2          10.5 T 33825372
    CJ98P010   1999 02 11.60174 09 53 48.76 +33 43 31.8          10.8 T 33825372
    CJ98P010  C1999 02 12.94500 09 45 59.49 +34 38 38.4          12.1 T 34094605
    CJ98P010  C1999 02 12.95638 09 45 55.29 +34 39 03.3          12.1 T 34094605
    CJ98P010  C1999 02 13.20415 09 44 29.33 +34 48 50.6          15.0 T 33825750
    CJ98P010  C1999 02 13.20785 09 44 28.03 +34 48 59.4          15.2 T 33825750
    CJ98P010   1999 02 13.63038 09 42 01.64 +35 05 15.5                 33825372
    CJ98P010  C1999 02 13.71128 09 41 33.58 +35 08 16.0          13.1 T 33825871
    CJ98P010  C1999 02 13.71962 09 41 30.68 +35 08 34.6                 33825871
    CJ98P010  C1999 02 16.98355 09 23 09.31 +36 59 41.1          14.3 T 33825071
    CJ98P010  C1999 02 16.98853 09 23 07.72 +36 59 48.7          13.7 T 33825071
    CJ98P010  C1999 02 16.98904 09 23 07.54 +36 59 50.4          13.7 T 33825071
    CJ98P010  C1999 02 16.98956 09 23 07.46 +36 59 51.5          13.6 T 33825071
    CJ98P010  C1999 02 16.99008 09 23 07.10 +36 59 53.1          14.2 T 33825071
    CJ98P010   1999 02 17.63299 09 19 37.22 +37 18 59.5                 33825372
    CJ98P010  C1999 02 17.63594 09 19 36.09 +37 19 05.2          11.4 T 33825360
    CJ98P010  C1999 02 17.63802 09 19 35.42 +37 19 08.8                 33825360
    CJ98P010  C1999 02 17.90958 09 18 07.43 +37 26 55.9          14.1 T 34094071
    CJ98P010  C1999 02 17.91111 09 18 07.01 +37 26 57.4          14.0 T 34094071
    CJ98P010  C1999 02 17.91212 09 18 06.76 +37 26 59.6          14.2 T 34094071
    CJ98P010  C1999 02 17.91661 09 18 05.11 +37 27 09.1          14.6 T 34094071
    CJ98P010  C1999 02 17.91758 09 18 04.96 +37 27 09.7          14.2 T 34094071
    CJ98P010  C1999 02 18.30669 09 15 59.42 +37 38 03.8          16.2 T 33825750
    CJ98P010  C1999 02 18.31427 09 15 56.97 +37 38 16.5          16.1 T 33825750
    CJ98P010  C1999 02 18.85876 09 13 03.80 +37 52 55.7                 33825143
    CJ98P010  C1999 02 18.86947 09 13 00.49 +37 53 15.2                 33825143
    CJ98P010  C1999 02 18.88100 09 12 56.78 +37 53 31.8                 33825143
    CJ98P010  C1999 02 19.31326 09 10 39.87 +38 04 49.0          15.9 T 33825750
    CJ98P010  C1999 02 19.31518 09 10 39.27 +38 04 53.4          16.1 T 33825750
    CJ98P010   1999 02 19.74132 09 08 26.04 +38 15 36.5          11.0 T 33825372
    CJ98P010  C1999 02 19.76910 09 08 17.43 +38 16 16.6          13.4 T 33825871
    CJ98P010  C1999 02 19.77940 09 08 14.13 +38 16 30.1                 33825871
    CJ98P010  C1999 02 20.56627 09 04 12.50 +38 35 23.1                 33825355
    CJ98P010  C1999 02 20.56745 09 04 12.14 +38 35 24.7                 33825355
    CJ98P010  C1999 02 20.56862 09 04 11.77 +38 35 26.4                 33825355
    CJ98P010   1999 02 21.61222 08 58 57.67 +38 58 38.5          11.1 T 33825372
    CJ98P010  C1999 02 21.73918 08 58 19.78 +39 01 16.8                 36157897
    CJ98P010  C1999 02 21.74470 08 58 18.17 +39 01 23.8                 36157897
    CJ98P010  C1999 02 21.74966 08 58 16.69 +39 01 29.7                 36157897
    CJ98P010   1999 02 22.59722 08 54 09.17 +39 18 42.9                 33825372
    CJ98P010   1999 02 24.70434 08 44 17.87 +39 56 15.2          11.5 T 33825372
    CJ98P010  C1999 02 25.02685 08 42 51.03 +40 01 22.2          13.2 T 33825118
    CJ98P010  C1999 02 25.03340 08 42 49.25 +40 01 27.9                 33825118
    CJ98P010  C1999 02 25.51639 08 40 40.90 +40 08 55.1          13.3 T 34094351
    CJ98P010  C1999 02 25.51762 08 40 40.52 +40 08 55.0                 33825355
    CJ98P010  C1999 02 25.51892 08 40 40.15 +40 08 56.5                 33825355
    CJ98P010  C1999 02 25.51986 08 40 39.93 +40 08 57.0                 34094351
    CJ98P010  C1999 02 25.52128 08 40 39.54 +40 08 59.1                 33825355
    CJ98P010  C1999 02 25.52471 08 40 38.66 +40 09 00.8                 34094351
    CJ98P010  C1999 02 25.54325 08 40 33.65 +40 09 19.1          13.0 T 33825402
    CJ98P010  C1999 02 25.54451 08 40 33.31 +40 09 20.1                 33825402
    CJ98P010  C1999 02 25.54579 08 40 32.98 +40 09 21.2                 33825402
    CJ98P010  C1999 02 26.92229 08 34 37.02 +40 28 36.2          13.6 T 33825504
    CJ98P010  C1999 02 26.92306 08 34 36.85 +40 28 36.3          13.4 T 33825504
    CJ98P010  C1999 02 26.92382 08 34 36.67 +40 28 36.5          13.4 T 33825504
    CJ98P010  C1999 02 26.92728 08 34 35.73 +40 28 39.8          13.3 T 33825504
    CJ98P010  C1999 02 26.92832 08 34 35.55 +40 28 41.1          13.3 T 33825504
    CJ98P010  C1999 02 26.92963 08 34 35.10 +40 28 41.7          13.7 T 33825504
    CJ98P010  C1999 02 26.93131 08 34 34.68 +40 28 43.5                 34094587
    CJ98P010  C1999 02 26.93333 08 34 34.16 +40 28 45.2                 34094587
    CJ98P010  C1999 02 27.07020 08 34 00.09 +40 30 32.6          14.0 T 34094758
    CJ98P010  C1999 02 27.07652 08 33 58.51 +40 30 36.5          13.9 T 34094758
    CJ98P010  C1999 02 28.24215 08 29 10.79 +40 44 47.3          15.2 T 34094739
    CJ98P010  C1999 02 28.55723 08 27 55.19 +40 48 19.7                 34094900
    CJ98P010  C1999 02 28.56932 08 27 52.29 +40 48 28.2                 34094900
    CJ98P010  C1999 03 02.07528 08 22 03.10 +41 03 49.5          14.9 T 34094739
    CJ98P010  C1999 03 02.08862 08 21 59.99 +41 03 58.6          15.1 T 34094739
    CJ98P010  C1999 03 03.51034 08 16 47.59 +41 16 18.8          13.0 T 34094402
    CJ98P010  C1999 03 03.51196 08 16 47.24 +41 16 19.3                 34094402
    CJ98P010  C1999 03 03.51355 08 16 46.91 +41 16 20.1                 34094402
    CJ98P010  C1999 03 03.58309 08 16 31.93 +41 16 52.8          12.6 T 34094903
    CJ98P010  C1999 03 03.59719 08 16 28.93 +41 16 58.4                 34094903
    CJ98P010  C1999 03 04.05553 08 14 52.47 +41 20 30.6          15.5 N 34094739
    CJ98P010  C1999 03 06.89655 08 05 30.85 +41 38 26.4                 34094046
    CJ98P010  C1999 03 06.89764 08 05 30.65 +41 38 26.9                 34094046
    CJ98P010  C1999 03 06.89921 08 05 30.34 +41 38 27.2                 34094046
    CJ98P010  C1999 03 08.75174 07 59 58.96 +41 46 55.8          14.6 T 34094118
    CJ98P010  C1999 03 08.76254 07 59 57.03 +41 46 59.0                 34094118
    CJ98P010  C1999 03 12.97654 07 48 56.76 +41 58 54.2          14.6 T 34094113
    CJ98P010  C1999 03 13.00450 07 48 51.91 +41 59 00.1          14.3 T 34094113
    CJ98P010  C1999 03 13.24340 07 48 18.92 +41 59 24.6                 34094840
    CJ98P010  C1999 03 13.26424 07 48 15.90 +41 59 27.8                 34094840
    CJ98P010   1999 03 15.59792 07 43 06.82 +42 02 25.0          14.9 T 34680372
    CJ98P010  C1999 03 16.49236 07 41 17.55 +42 03 02.4          14.1 T 34094402
    CJ98P010  C1999 03 16.49361 07 41 17.35 +42 03 02.4                 34094402
    CJ98P010  C1999 03 16.49487 07 41 17.19 +42 03 02.6                 34094402
    CJ98P010  C1999 03 16.51581 07 41 14.55 +42 03 06.4          14.9 T 34094351
    CJ98P010  C1999 03 16.51950 07 41 14.32 +42 03 00.3                 34094351
    CJ98P010   1999 03 16.59625 07 41 04.84 +42 03 05.4          15.0 T 34680372
    CJ98P010  C1999 03 17.87178 07 38 38.10 +42 03 30.9          15.4 T 34094113
    CJ98P010  C1999 03 17.90653 07 38 34.10 +42 03 31.3          15.4 T 34094113
    CJ98P010  C1999 03 17.92667 07 38 31.85 +42 03 31.2          15.4 T 34094113
    CJ98P010  C1999 03 20.17743 07 34 35.72 +42 03 15.8                 34094840
    CJ98P010  C1999 03 20.19341 07 34 34.13 +42 03 15.6                 34094840
    CJ98P010  C1999 03 20.90689 07 33 24.74 +42 02 56.9          13.7 T 34094504
    CJ98P010  C1999 03 20.90866 07 33 24.58 +42 02 56.8          13.6 T 34094504
    CJ98P010  C1999 03 20.91185 07 33 24.25 +42 02 56.6          13.3 T 34094504
    CJ98P010  C1999 03 20.91404 07 33 24.08 +42 02 56.4          13.4 T 34094504
    CJ98P010  C1999 03 22.26705 07 31 20.02 +42 02 02.8          18.0 T 34094750
    CJ98P010  C1999 03 22.27648 07 31 19.02 +42 02 03.7          18.2 T 34094750
    CJ98P010  C1999 03 22.28621 07 31 18.28 +42 02 02.8          17.7 T 34094750
    CJ98P010   1999 03 22.52361 07 30 57.42 +42 01 54.3          16.5 T 34680372
    CJ98P010  C1999 03 22.55651 07 30 54.61 +42 01 51.9                 36157897
    CJ98P010  C1999 03 22.56825 07 30 53.51 +42 01 51.4          13.9 T 36157897
    CJ98P010  C1999 03 27.14529 07 25 04.37 +41 56 44.7          17.3 T 34094750
    CJ98P010  C1999 03 27.15869 07 25 03.52 +41 56 43.3          17.6 T 34094750
    CJ98P010  C1999 03 27.84160 07 24 19.05 +41 55 46.0                 34094046
    CJ98P010  C1999 03 27.84388 07 24 18.95 +41 55 45.9                 34094046
    CJ98P010  C1999 03 27.84514 07 24 18.85 +41 55 45.7                 34094046
    CJ98P010  C1999 03 30.86568 07 21 24.26 +41 51 03.8          14.1 T 34389504
    CJ98P010  C1999 03 30.86962 07 21 24.07 +41 51 03.8          14.2 T 34389504
    CJ98P010  C1999 03 31.54524 07 20 49.48 +41 49 54.2          14.1 T 34389402
    CJ98P010  C1999 03 31.54650 07 20 49.51 +41 49 54.4                 34389402
    CJ98P010  C1999 03 31.54777 07 20 49.28 +41 49 56.0                 34389402
    CJ98P010  C1999 04 04.46388 07 18 00.11 +41 42 58.1          17.3 T 34389351
    CJ98P010  C1999 04 04.48404 07 17 59.16 +41 42 54.6                 34389351
    CJ98P010  C1999 04 04.54464 07 17 56.51 +41 42 48.7          14.5 T 34389402
    CJ98P010  C1999 04 04.54786 07 17 56.44 +41 42 48.0                 34389402
    CJ98P010  C1999 04 04.54947 07 17 56.34 +41 42 48.0                 34389402
    CJ98P010  C1999 04 07.50920 07 16 19.64 +41 37 16.5          14.9 T 34389360
    CJ98P010  C1999 04 07.51198 07 16 19.57 +41 37 17.0                 34389360
    CJ98P010   1999 04 07.52135 07 16 19.37 +41 37 16.3          17.3 T 34680372
    CJ98P010  C1999 04 07.56458 07 16 18.17 +41 37 10.3          14.9 T 36157897
    CJ98P010  C1999 04 07.57132 07 16 18.04 +41 37 08.5                 36157897
    CJ98P010   1999 04 08.46996 07 15 53.48 +41 35 28.8          18.1 T 34680372
    CJ98P010  C1999 04 09.44250 07 15 29.66 +41 33 36.6          15.5 T 34389402
    CJ98P010  C1999 04 09.44410 07 15 29.47 +41 33 36.7                 34389402
    CJ98P010  C1999 04 09.44729 07 15 29.48 +41 33 35.6                 34389402
    CJ98P010  C1999 04 09.79869 07 15 21.25 +41 32 55.4          15.2 T 34389118
    CJ98P010  C1999 04 09.80914 07 15 21.12 +41 32 54.1                 34390118
    CJ98P010  C1999 04 12.15648 07 14 34.55 +41 28 26.8                 34390693
    CJ98P010  C1999 04 12.15994 07 14 34.52 +41 28 26.5                 34390693
    CJ98P010  C1999 04 12.16406 07 14 34.44 +41 28 26.2          14.9 T 34390693
    CJ98P010  C1999 04 14.49653 07 14 00.89 +41 23 59.6          15.0 T 34390360
    CJ98P010  C1999 04 14.50087 07 14 00.84 +41 23 59.9                 34390360
    CJ98P010  C1999 05 15.16064 07 19 48.15 +40 37 03.2                 34680693
    CJ98P010  C1999 05 15.16469 07 19 48.26 +40 37 03.1                 34680693
