    CJ98P010  C1998 08 11.37962 15 02 11.23 -63 54 16.7          14.2 N 32384422
    CJ98P010  C1998 08 11.38046 15 02 10.74 -63 54 13.4          14.1 N 32384422
    CJ98P010  C1998 08 11.38200 15 02 09.89 -63 54 06.7          14.4 N 32384422
    CJ98P010  C1998 08 11.38775 15 02 06.78 -63 53 42.1          14.2 N 32384422
    CJ98P010  C1998 08 11.43374 15 01 41.90 -63 50 25.5          13.8 T 32384430
    CJ98P010  C1998 08 11.44783 15 01 34.38 -63 49 24.7          16.0 T 32384430
    CJ98P010  C1998 08 11.44887 15 01 33.81 -63 49 20.6          13.5 T 32384430
    CJ98P010  C1998 08 11.44962 15 01 33.42 -63 49 17.9          13.5 T 32384430
    CJ98P010  C1998 08 11.46033 15 01 27.66 -63 48 31.4          13.5 T 32384430
    CJ98P010  C1998 08 11.46241 15 01 26.50 -63 48 22.4          13.3 T 32384430
    CJ98P010  C1998 08 11.46470 15 01 25.34 -63 48 12.9          13.7 N 32384422
    CJ98P010  C1998 08 11.46569 15 01 24.81 -63 48 08.5          14.0 N 32384422
    CJ98P010  C1998 08 11.47476 15 01 19.94 -63 47 29.6          13.8 N 32384422
    CJ98P010  C1998 08 11.48030 15 01 17.02 -63 47 05.7          13.9 N 32384422
    CJ98P010  C1998 08 11.48244 15 01 15.86 -63 46 56.5          13.7 N 32384422
    CJ98P010  C1998 08 12.00766 14 56 46.01 -63 09 46.9                 32384844
    CJ98P010  C1998 08 12.01497 14 56 42.29 -63 09 15.9                 32384844
    CJ98P010  C1998 08 12.03809 14 56 30.78 -63 07 37.1                 32384844
    CJ98P010  C1998 08 12.04598 14 56 26.71 -63 07 03.0                 32384844
    CJ98P010  C1998 08 12.06699 14 56 16.20 -63 05 33.0                 32384844
    CJ98P010  C1998 08 12.37075 14 53 49.76 -62 44 09.7          13.6 T 32384430
    CJ98P010  C1998 08 12.37214 14 53 49.12 -62 44 03.8          13.5 T 32384430
    CJ98P010  C1998 08 12.38610 14 53 42.66 -62 43 05.5                 32384426
    CJ98P010  C1998 08 12.39124 14 53 40.18 -62 42 43.7                 32384426
    CJ98P010  C1998 08 12.39642 14 53 37.70 -62 42 21.8                 32384426
    CJ98P010  C1998 08 12.40106 14 53 35.48 -62 42 02.2                 32384426
    CJ98P010  C1998 08 12.40512 14 53 33.27 -62 41 43.9          13.3 T 32384430
    CJ98P010  C1998 08 12.40616 14 53 32.80 -62 41 39.1          13.4 T 32384430
    CJ98P010  C1998 08 12.40646 14 53 32.82 -62 41 38.9          12.9 N 32384426
    CJ98P010  C1998 08 12.48947 14 52 53.10 -62 35 44.6          14.0 N 32384422
    CJ98P010  C1998 08 12.49109 14 52 52.35 -62 35 37.8          13.9 N 32384422
    CJ98P010  C1998 08 12.49543 14 52 50.23 -62 35 19.4          13.9 N 32384422
    CJ98P010  C1998 08 12.50026 14 52 48.05 -62 34 58.7          13.9 N 32384422
    CJ98P010  C1998 08 12.50171 14 52 47.33 -62 34 52.5          14.1 N 32384422
    CJ98P010  C1998 08 12.96051 14 49 18.85 -62 02 41.5          10.9 T 32384844
    CJ98P010  C1998 08 12.97859 14 49 10.60 -62 01 25.4          11.1 T 32384844
    CJ98P010  C1998 08 13.41316 14 46 03.52 -61 31 02.0                 32384426
    CJ98P010  C1998 08 13.41644 14 46 02.13 -61 30 48.3                 32384426
    CJ98P010  C1998 08 13.42022 14 46 00.49 -61 30 32.5                 32384426
    CJ98P010  C1998 08 13.44321 14 45 50.74 -61 28 55.5                 32384426
    CJ98P010  C1998 08 13.44714 14 45 49.09 -61 28 39.1          12.8 N 32384426
    CJ98P010  C1998 08 13.46328 14 45 42.15 -61 27 30.1          14.2 N 32384422
    CJ98P010  C1998 08 13.46429 14 45 41.70 -61 27 25.9          14.1 N 32384422
    CJ98P010  C1998 08 13.46541 14 45 41.24 -61 27 21.2          14.0 N 32384422
    CJ98P010  C1998 08 13.47187 14 45 38.49 -61 26 53.9          14.3 N 32384422
    CJ98P010  C1998 08 14.34708 14 39 52.02 -60 26 23.0          14.1 N 32384422
    CJ98P010  C1998 08 14.34885 14 39 51.35 -60 26 15.7          14.1 N 32384422
    CJ98P010  C1998 08 14.35396 14 39 49.40 -60 25 54.5          14.0 N 32384422
    CJ98P010  C1998 08 14.45619 14 39 10.82 -60 18 52.6                 32384426
    CJ98P010  C1998 08 14.46278 14 39 08.42 -60 18 25.2                 32384426
    CJ98P010  C1998 08 14.46678 14 39 06.84 -60 18 08.7          12.7 N 32384426
    CJ98P010  C1998 08 14.98141 14 36 01.27 -59 43 03.2                 32384834
    CJ98P010  C1998 08 15.02709 14 35 44.90 -59 39 55.1                 32384834
    CJ98P010  C1998 08 15.06742 14 35 31.02 -59 37 10.4                 32384834
    CJ98P010  C1998 08 15.96104 14 30 35.96 -58 37 13.9                 32384834
    CJ98P010  C1998 08 15.98845 14 30 27.42 -58 35 26.5                 32384834
    CJ98P010  C1998 08 16.02448 14 30 16.09 -58 33 01.1                 32384834
    CJ98P010  C1998 08 16.09435 14 29 54.16 -58 28 20.7          10.5 T 32384844
    CJ98P010  C1998 08 16.09616 14 29 53.65 -58 28 12.3           9.7 T 32384844
    CJ98P010  C1998 08 16.09841 14 29 52.99 -58 28 03.1           9.8 T 32384844
    CJ98P010  C1998 08 16.39745 14 28 22.20 -58 08 25.7                 32384426
    CJ98P010  C1998 08 16.40104 14 28 21.10 -58 08 11.4                 32384426
    CJ98P010  C1998 08 16.40524 14 28 19.81 -58 07 54.7                 32384426
    CJ98P010  C1998 08 16.40948 14 28 18.54 -58 07 37.8          13.3 N 32384426
    CJ98P010  C1998 08 17.01411 14 25 23.48 -57 28 12.1                 32384844
    CJ98P010  C1998 08 17.02810 14 25 19.22 -57 27 14.1                 32384844
    CJ98P010  C1998 08 17.52929 14 23 02.36 -56 54 58.8          14.1 N 32384422
    CJ98P010  C1998 08 17.52964 14 23 02.27 -56 54 57.4          14.2 N 32384422
    CJ98P010  C1998 08 17.98420 14 21 04.75 -56 26 09.4                 32384834
    CJ98P010  C1998 08 18.01963 14 20 55.51 -56 23 54.7          11.2 T 32384844
    CJ98P010  C1998 08 18.05821 14 20 46.15 -56 21 26.8          10.4 T 32384844
    CJ98P010  C1998 08 18.99164 14 17 02.37 -55 23 32.2          10.9 T 32384844
    CJ98P010  C1998 08 18.99302 14 17 02.13 -55 23 26.4          10.6 T 32384844
    CJ98P010  C1998 08 18.99979 14 17 00.23 -55 22 59.4          10.9 T 32384844
    CJ98P010  C1998 08 19.00687 14 16 58.74 -55 22 35.3                 32384834
    CJ98P010  C1998 08 19.01306 14 16 57.18 -55 22 11.4          10.9 T 32384844
    CJ98P010  C1998 08 19.03917 14 16 51.28 -55 20 34.6          10.8 T 32384844
    CJ98P010  C1998 08 19.05638 14 16 47.33 -55 19 31.2                 32384834
    CJ98P010  C1998 08 21.06389 14 09 53.75 -53 20 25.9           9.8 T 32566860
    CJ98P010  C1998 08 21.07425 14 09 51.94 -53 19 50.8          10.2 T 32566860
    CJ98P010  C1998 08 21.08184 14 09 50.50 -53 19 24.1          10.0 T 32566860
    CJ98P010  C1998 08 21.09390 14 09 48.33 -53 18 41.9          10.5 T 32566860
    CJ98P010  C1998 08 21.99146 14 07 08.12 -52 27 55.8          11.0 T 32384844
    CJ98P010  C1998 08 22.01995 14 07 03.09 -52 26 18.9          10.9 T 32384844
    CJ98P010  C1998 08 22.04138 14 06 59.55 -52 25 07.6          10.5 T 32384844
    CJ98P010   1998 08 23.43472 14 03 17.20 -51 09 22.1                 32384415
    CJ98P010  C1998 08 24.95788 13 59 43.80 -49 50 25.3          10.4 T 32384844
    CJ98P010  C1998 08 24.97486 13 59 41.47 -49 49 33.6          10.4 T 32385844
    CJ98P010  C1998 08 24.98625 13 59 40.01 -49 48 59.3                 32385834
    CJ98P010  C1998 08 25.02042 13 59 35.49 -49 47 16.0          10.6 T 32385844
    CJ98P010  C1998 08 25.37685 13 58 49.89 -49 29 26.1          14.1 T 32385430
    CJ98P010  C1998 08 25.38264 13 58 49.13 -49 29 09.0          13.9 T 32385430
    CJ98P010  C1998 08 25.40694 13 58 46.03 -49 27 55.9          13.8 T 32385430
    CJ98P010  C1998 08 25.40833 13 58 45.86 -49 27 51.6          13.8 T 32385430
    CJ98P010  C1998 08 25.41458 13 58 45.05 -49 27 32.9          14.0 T 32385430
    CJ98P010  C1998 08 25.42032 13 58 44.28 -49 27 15.3          14.1 N 32385422
    CJ98P010  C1998 08 25.42094 13 58 44.21 -49 27 13.4          14.2 N 32385422
    CJ98P010  C1998 08 25.42178 13 58 44.12 -49 27 10.8          14.1 N 32385422
    CJ98P010  C1998 08 25.42431 13 58 43.83 -49 27 03.6          13.8 T 32385430
    CJ98P010  C1998 08 25.99509 13 57 33.75 -48 58 58.0                 32385834
    CJ98P010  C1998 08 26.02457 13 57 30.18 -48 57 31.6                 32385844
    CJ98P010  C1998 08 26.04326 13 57 27.94 -48 56 36.7                 32385844
    CJ98P010  C1998 08 26.06391 13 57 25.36 -48 55 35.3                 32385844
    CJ98P010  C1998 08 26.97566 13 55 40.86 -48 12 01.4                 32385834
    CJ98P010  C1998 08 27.03208 13 55 34.57 -48 09 21.0                 32385834
    CJ98P010  C1998 08 27.99062 13 53 53.31 -47 25 03.0                 32385834
    CJ98P010  C1998 08 28.01784 13 53 50.60 -47 23 48.3                 32385844
    CJ98P010  C1998 08 28.03772 13 53 48.54 -47 22 52.5                 32385844
    CJ98P010  C1998 08 28.04800 13 53 47.38 -47 22 23.7                 32385844
    CJ98P010  C1998 08 28.40466 13 53 12.06 -47 06 23.1                 32385426
    CJ98P010  C1998 08 28.40948 13 53 11.58 -47 06 10.0                 32385426
    CJ98P010  C1998 08 28.41416 13 53 11.11 -47 05 57.3          12.6 N 32385426
    CJ98P010  C1998 08 30.05428 13 50 40.05 -45 54 28.7           9.9 T 32385844
    CJ98P010  C1998 08 30.05595 13 50 39.86 -45 54 24.6           9.9 T 32385844
    CJ98P010  C1998 08 30.06458 13 50 39.12 -45 54 02.9           9.9 T 32385844
    CJ98P010  C1998 08 31.02641 13 49 19.36 -45 14 01.3                 32385834
    CJ98P010  C1998 09 01.94279 13 46 56.84 -43 58 08.6           9.9 T 32566860
    CJ98P010  C1998 09 01.95330 13 46 56.19 -43 57 44.3          10.0 T 32566860
    CJ98P010  C1998 09 01.96069 13 46 55.62 -43 57 27.0          10.0 T 32566860
    CJ98P010  C1998 09 04.97705 13 43 48.34 -42 07 30.0                 32825834
    CJ98P010  C1998 09 05.01651 13 43 46.04 -42 06 08.9                 32825834
    CJ98P010  C1998 09 07.98055 13 41 17.30 -40 28 19.4                 32825834
    CJ98P010  C1998 09 10.02034 13 39 51.10 -39 26 11.0          10.8 T 32566844
    CJ98P010  C1998 09 10.02170 13 39 51.01 -39 26 07.9          10.8 T 32566844
    CJ98P010  C1998 09 10.02321 13 39 50.98 -39 26 04.6          10.9 T 32566844
    CJ98P010  C1998 09 13.96355 13 37 33.42 -37 36 26.7                 32825834
    CJ98P010  C1998 09 13.98769 13 37 32.60 -37 35 47.5           8.6 T 32566844
    CJ98P010  C1998 09 13.99950 13 37 32.30 -37 35 28.6           8.6 T 32566844
    CJ98P010  C1998 09 14.01264 13 37 31.86 -37 35 07.5           8.4 T 32566844
    CJ98P010  C1998 09 18.37271 13 35 34.53 -35 47 33.4          14.0 N 32566422
    CJ98P010  C1998 09 18.37775 13 35 34.41 -35 47 26.1          14.0 N 32566422
    CJ98P010  C1998 09 18.37815 13 35 34.39 -35 47 25.4          14.2 N 32566422
    CJ98P010  C1998 09 24.95525 13 33 24.22 -33 26 34.0                 32825834
