    CJ99J030  C1999 05 12.28325 15 49 41.93 +72 55 22.2          18.8 Tz34687704
    CJ99J030  C1999 05 12.29285 15 49 38.33 +72 55 41.2          18.6 Tz34687704
    CJ99J030  C1999 05 12.31163 15 49 32.55 +72 56 11.7          18.7 Tz34687704
    CJ99J030  C1999 05 12.32404 15 49 28.92 +72 56 34.3          18.7 Tz34687704
    CJ99J030  C1999 05 13.88516 15 40 48.68 +73 40 46.6          17.7 T 34687046
    CJ99J030  C1999 05 13.89029 15 40 46.57 +73 40 56.4                 34687046
    CJ99J030  C1999 05 13.89142 15 40 46.43 +73 40 57.8                 34687046
    CJ99J030  C1999 05 14.13090 15 39 22.13 +73 47 31.6          16.8 T 34687784
    CJ99J030  C1999 05 14.14063 15 39 18.73 +73 47 47.6          17.0 T 34687784
    CJ99J030  C1999 05 14.22544 15 38 48.33 +73 50 06.7          18.5 Nz34687704
    CJ99J030  C1999 05 14.24061 15 38 43.05 +73 50 30.6          17.8 Nz34687704
    CJ99J030  C1999 05 14.25564 15 38 37.73 +73 50 56.1          18.2 Nz34687704
    CJ99J030  C1999 05 14.27079 15 38 32.22 +73 51 20.8          18.0 Nz34687704
    CJ99J030  C1999 05 14.28641 15 38 26.61 +73 51 46.3          18.1 Nz34687704
    CJ99J030  C1999 05 14.30144 15 38 21.23 +73 52 11.6          18.6 Nz34687704
    CJ99J030  C1999 05 14.31654 15 38 15.55 +73 52 35.5          18.8 Nz34687704
    CJ99J030  C1999 05 14.33162 15 38 10.00 +73 53 01.0          19.4 Nz34687704
    CJ99J030  C1999 05 14.34668 15 38 04.73 +73 53 24.6          18.5 Nz34687704
    CJ99J030  C1999 05 14.36180 15 37 59.30 +73 53 48.2          18.7 Nz34687704
    CJ99J030  C1999 05 14.38342 15 37 51.37 +73 54 23.7          18.4 Nz34687704
    CJ99J030  C1999 05 14.41430 15 37 40.23 +73 55 12.5          18.5 Nz34687704
    CJ99J030  C1999 05 14.42957 15 37 34.65 +73 55 38.0          19.0 Nz34687704
    CJ99J030  C1999 05 14.44480 15 37 29.15 +73 56 02.6          18.7 Nz34687704
    CJ99J030  C1999 05 14.68403 15 36 02.64 +74 02 30.5          17.7 T 34687360
    CJ99J030  C1999 05 14.68819 15 36 01.07 +74 02 37.0                 34687360
    CJ99J030  C1999 05 14.69236 15 35 59.53 +74 02 43.9                 34687360
    CJ99J030  C1999 05 14.69829 15 35 57.32 +74 02 52.6          17.8 T 34687867
    CJ99J030  C1999 05 14.70523 15 35 54.86 +74 03 03.1                 34687867
    CJ99J030  C1999 05 14.71461 15 35 51.30 +74 03 19.0                 34687867
    CJ99J030   1999 05 14.72917 15 35 45.4  +74 03 42.1          18.0 T 34687372
    CJ99J030  C1999 05 16.51910 15 24 16.60 +74 49 50.7          16.7 T 34687367
    CJ99J030  C1999 05 16.52222 15 24 15.67 +74 49 55.0                 34687367
    CJ99J030  C1999 05 16.52535 15 24 14.49 +74 49 58.8                 34687367
    CJ99J030  C1999 05 16.53194 15 24 11.89 +74 50 08.9                 34687367
    CJ99J030  C1999 05 20.48751 14 54 34.45 +76 18 22.0          17.5 T 34687402
    CJ99J030  C1999 05 20.48912 14 54 33.54 +76 18 22.6                 34687402
    CJ99J030  C1999 05 20.49234 14 54 31.96 +76 18 26.0                 34687402
    CJ99J030  C1999 05 20.55482 14 54 00.59 +76 19 41.8          17.1 T 34687897
    CJ99J030  C1999 05 20.56442 14 53 56.20 +76 19 52.0          17.0 T 34687897
    CJ99J030  C1999 05 20.57176 14 53 51.40 +76 20 00.4          16.4 T 34687897
    CJ99J030  C1999 05 20.60052 14 53 37.91 +76 20 35.5          17.4 T 34687360
    CJ99J030  C1999 05 20.60469 14 53 35.87 +76 20 40.3                 34687360
    CJ99J030  C1999 05 20.60851 14 53 33.99 +76 20 44.4                 34687360
    CJ99J030   1999 05 20.61458 14 53 30.90 +76 20 51.0          18.0 T 35170372
    CJ99J030  C1999 05 29.54043 13 27 42.25 +78 11 12.2          17.0 T 34687402
    CJ99J030  C1999 05 29.54204 13 27 41.28 +78 11 12.9                 34687402
    CJ99J030  C1999 05 29.54365 13 27 40.03 +78 11 13.2                 34687402
    CJ99J030  C1999 05 31.55876 13 06 30.95 +78 17 15.6          17.4 T 34687402
    CJ99J030  C1999 05 31.56036 13 06 30.36 +78 17 14.9                 34687402
    CJ99J030  C1999 06 09.51493 11 40 44.11 +77 27 39.9          16.6 T 34687360
    CJ99J030  C1999 06 09.51875 11 40 42.10 +77 27 37.0                 34687360
    CJ99J030  C1999 06 09.52292 11 40 40.05 +77 27 34.2                 34687360
    CJ99J030  C1999 07 15.47208 09 26 49.48 +66 40 55.0          14.5 T 35170402
    CJ99J030  C1999 07 15.47461 09 26 49.20 +66 40 51.7                 35170402
    CJ99J030  C1999 07 29.76478 09 11 20.05 +62 17 19.1                 35526349
    CJ99J030  C1999 07 31.47029 09 09 47.84 +61 46 10.8                 35526349
    CJ99J030  C1999 07 31.47301 09 09 47.60 +61 46 08.9                 35526349
    CJ99J030  C1999 08 03.45880 09 07 13.05 +60 51 26.8          13.5 T 35526402
    CJ99J030  C1999 08 03.45971 09 07 13.09 +60 51 26.1                 35526402
    CJ99J030  C1999 08 03.46154 09 07 12.96 +60 51 23.7                 35526402
    CJ99J030  C1999 08 04.84262 09 06 03.32 +60 25 56.7                 35527118
    CJ99J030  C1999 08 04.84370 09 06 03.27 +60 25 54.9          12.8 T 35527118
    CJ99J030  C1999 08 04.84656 09 06 03.17 +60 25 51.4                 35527118
    CJ99J030  C1999 08 08.83134 09 02 46.04 +59 11 38.8                 35527118
    CJ99J030  C1999 08 08.83281 09 02 46.04 +59 11 36.9                 35527118
    CJ99J030  C1999 08 08.83507 09 02 45.88 +59 11 34.2          13.2 T 35527118
    CJ99J030  C1999 08 18.77007 08 54 37.17 +55 56 00.5                 35527349
    CJ99J030  C1999 08 28.77645 08 45 50.72 +52 06 48.1          11.8 T 35771352
    CJ99J030  C1999 08 28.77992 08 45 50.53 +52 06 41.7                 35771352
    CJ99J030  C1999 08 28.78339 08 45 50.34 +52 06 36.7                 35771352
    CJ99J030  C1999 08 31.78403 08 43 01.95 +50 47 01.3          11.4 T 37387897
    CJ99J030  C1999 08 31.78910 08 43 01.69 +50 46 52.9                 37387897
    CJ99J030  C1999 09 04.76968 08 39 09.91 +48 50 11.7                 35771349
    CJ99J030  C1999 09 04.77150 08 39 09.71 +48 50 07.4          12.1 T 35771349
    CJ99J030  C1999 09 04.84525 08 39 04.60 +48 47 47.2          11.9 T 35771540
    CJ99J030  C1999 09 04.84647 08 39 04.79 +48 47 44.9                 35771540
    CJ99J030  C1999 09 04.84757 08 39 04.57 +48 47 42.2                 35771540
    CJ99J030  C1999 09 04.84873 08 39 04.50 +48 47 39.9                 35771540
    CJ99J030  C1999 09 05.76734 08 38 10.18 +48 18 33.9                 35771349
    CJ99J030  C1999 09 05.77286 08 38 09.92 +48 18 23.7                 35771349
    CJ99J030  C1999 09 05.78275 08 38 09.33 +48 18 06.0                 35771349
    CJ99J030  C1999 09 11.77103 08 31 55.91 +44 43 02.2                 35771355
    CJ99J030  C1999 09 11.77365 08 31 55.74 +44 42 56.1                 35771355
    CJ99J030  C1999 09 11.77663 08 31 55.51 +44 42 48.9                 35771355
    CJ99J030  C1999 09 11.78439 08 31 55.11 +44 42 31.1          12.2 T 35771349
    CJ99J030  C1999 09 13.04770 08 30 32.60 +43 50 24.7          13.9 T 35771106
    CJ99J030  C1999 09 13.05041 08 30 32.42 +43 50 17.8          13.6 T 35771106
    CJ99J030  C1999 09 13.07209 08 30 31.08 +43 49 23.9          13.8 T 35771106
    CJ99J030  C1999 09 19.76770 08 22 50.18 +38 20 24.6          10.2 T 36161349
    CJ99J030  C1999 09 19.77052 08 22 50.01 +38 20 15.2                 36161349
    CJ99J030  C1999 09 19.81513 08 22 46.68 +38 17 43.2                 36161349
    CJ99J030  C1999 09 20.76642 08 21 37.38 +37 21 56.5          10.8 T 36161349
    CJ99J030  C1999 09 20.76845 08 21 37.21 +37 21 49.2                 36161349
    CJ99J030  C1999 09 20.81107 08 21 34.03 +37 19 17.1                 36161349
    CJ99J030  C1999 09 24.11719 08 17 23.72 +33 42 46.2          15.5 No52852461
    CJ99J030  C1999 09 24.11946 08 17 23.56 +33 42 36.7                o52852461
    CJ99J030  C1999 09 26.72486 08 13 54.90 +30 23 16.7                 36161349
    CJ99J030  C1999 09 26.72578 08 13 54.80 +30 23 12.0          10.7 T 36161349
    CJ99J030  C1999 09 26.72701 08 13 54.70 +30 23 06.4                 36161349
    CJ99J030  C1999 09 27.80157 08 12 24.96 +28 52 14.0           9.9 T 36161349
    CJ99J030  C1999 09 27.80604 08 12 24.57 +28 51 51.4                 36161349
    CJ99J030  C1999 09 27.80887 08 12 24.29 +28 51 36.1                 36161349
    CJ99J030  C1999 09 28.79605 08 10 59.99 +27 23 04.7           9.5 T 36161349
    CJ99J030  C1999 09 28.79780 08 10 59.76 +27 22 55.6                 36161349
    CJ99J030  C1999 09 28.79940 08 10 59.66 +27 22 46.9                 36161349
    CJ99J030  C1999 10 04.71946 08 01 41.42 +16 32 20.5                 37387897
    CJ99J030  C1999 10 04.72348 08 01 40.96 +16 31 49.0                 37387897
    CJ99J030  C1999 10 05.76269 07 59 51.15 +14 13 00.0                 36161903
    CJ99J030  C1999 10 05.76567 07 59 50.85 +14 12 35.6                 36161903
    CJ99J030  C1999 10 05.77043 07 59 50.34 +14 11 56.8                 36161903
    CJ99J030   1999 10 05.80382 07 59 46.74 +14 07 21.3                 36161372
    CJ99J030  C1999 10 08.79249 07 54 04.55 +06 40 15.7                 36161349
    CJ99J030  C1999 10 08.79302 07 54 04.47 +06 40 10.1                 36161349
    CJ99J030  C1999 10 08.79459 07 54 04.29 +06 39 55.2                 36161349
    CJ99J030   1999 10 08.82313 07 54 00.76 +06 35 19.4           8.5 T 36161372
    CJ99J030  C1999 10 10.73444 07 49 57.70 +01 11 33.9          10.1 T 36161355
    CJ99J030  C1999 10 10.73639 07 49 57.42 +01 11 13.0                 36161355
    CJ99J030  C1999 10 10.74428 07 49 56.35 +01 09 49.4                 36161355
    CJ99J030  C1999 10 10.75882 07 49 54.38 +01 07 14.7                 36161349
    CJ99J030  C1999 10 10.75947 07 49 54.30 +01 07 07.6                 36161349
    CJ99J030  C1999 10 10.76045 07 49 54.13 +01 06 57.8                 36161349
    CJ99J030  C1999 10 11.81738 07 47 29.42 -02 04 17.9                 37387897
    CJ99J030  C1999 10 11.81956 07 47 29.11 -02 04 42.0                 37387897
    CJ99J030  C1999 10 14.27684 07 41 22.81 -09 57 50.9                 36980834
    CJ99J030  C1999 10 14.31395 07 41 16.65 -10 05 16.8                 36980834
    CJ99J030  C1999 10 14.33992 07 41 12.42 -10 10 28.7                 36980834
    CJ99J030  C1999 10 16.10689 07 36 15.61 -16 10 38.0          13.8 N 36161629
    CJ99J030  C1999 10 16.11260 07 36 14.86 -16 11 50.4          14.1 N 36161629
    CJ99J030  C1999 10 16.11403 07 36 14.53 -16 12 06.2          13.9 N 36161629
    CJ99J030  C1999 10 16.34032 07 35 34.60 -16 58 25.7                 36980834
    CJ99J030  C1999 10 17.76554 07 31 09.38 -21 55 06.7                 36161349
    CJ99J030  C1999 10 17.81111 07 31 00.36 -22 04 33.2                 36610372
    CJ99J030  C1999 10 17.83469 07 30 55.50 -22 09 31.6                 36161349
    CJ99J030  C1999 10 17.83490 07 30 55.59 -22 09 34.3                 36610867
    CJ99J030  C1999 10 17.84014 07 30 54.40 -22 10 39.9                 36161349
    CJ99J030  C1999 10 17.84045 07 30 54.48 -22 10 43.9                 36610867
    CJ99J030  C1999 10 18.12634 07 29 58.29 -23 10 22.1          13.9 N 36162629
    CJ99J030  C1999 10 18.12818 07 29 57.97 -23 10 44.3          13.7 N 36162629
    CJ99J030  C1999 10 18.12962 07 29 57.67 -23 11 00.8          13.7 N 36162629
    CJ99J030  C1999 10 18.13895 07 29 55.69 -23 12 58.4          13.8 N 36162629
    CJ99J030  C1999 10 18.14396 07 29 54.85 -23 14 01.5          13.8 N 36162629
    CJ99J030  C1999 10 18.15252 07 29 53.04 -23 15 47.8          14.1 N 36162629
    CJ99J030  C1999 10 18.30883 07 29 22.22 -23 48 00.1                 36980834
    CJ99J030  C1999 10 18.73252 07 27 55.92 -25 16 22.3          12.0 T 36162392
    CJ99J030  C1999 10 18.73368 07 27 55.56 -25 16 38.0                 36162392
    CJ99J030  C1999 10 18.73987 07 27 54.28 -25 17 54.0                 36162392
    CJ99J030  C1999 10 20.27439 07 22 23.23 -30 33 18.1                 36980834
    CJ99J030  C1999 10 20.76814 07 20 29.18 -32 13 28.2                 36162349
    CJ99J030  C1999 10 20.77087 07 20 28.52 -32 14 01.8                 36162349
    CJ99J030  C1999 10 20.78194 07 20 25.82 -32 16 15.0                 36162349
    CJ99J030   1999 10 20.82188 07 20 16.28 -32 24 18.0           8.0 T 36162372
    CJ99J030  C1999 10 20.83201 07 20 13.81 -32 26 19.7                 36162402
    CJ99J030  C1999 10 20.83327 07 20 13.49 -32 26 34.1                 36162402
    CJ99J030  C1999 10 20.83454 07 20 13.20 -32 26 50.6                 36162402
    CJ99J030 2C1999 10 20.83559 07 20 13.01 -32 27 02.8                 36162360
    CJ99J030 2C1999 10 20.83681 07 20 12.70 -32 27 17.5                 36162360
    CJ99J030 2C1999 10 20.83785 07 20 12.48 -32 27 29.6                 36162360
    CJ99J030  C1999 10 22.80330 07 11 59.48 -38 51 39.2                 36162349
    CJ99J030  C1999 10 22.80535 07 11 58.83 -38 52 02.0                 36162349
    CJ99J030  C1999 10 22.81140 07 11 57.23 -38 53 11.2                 36162349
    CJ99J030  C1999 10 23.78930 07 07 26.42 -41 54 48.8          12.0 T 36610351
    CJ99J030  C1999 10 23.79282 07 07 25.45 -41 55 26.4                 36610351
    CJ99J030  C1999 10 24.79727 07 02 28.05 -44 54 11.7          12.0 T 36610349
    CJ99J030  C1999 10 24.80016 07 02 27.01 -44 54 40.7                 36162897
    CJ99J030  C1999 10 24.80155 07 02 26.55 -44 54 54.5                 36162897
    CJ99J030  C1999 10 24.80389 07 02 25.80 -44 55 19.9                 36162897
    CJ99J030  C1999 10 24.82911 07 02 17.98 -44 59 44.0                 36610349
    CJ99J030  C1999 10 24.83226 07 02 17.10 -45 00 15.9                 36610349
    CJ99J030  C1999 10 26.33474 06 54 10.50 -49 11 03.0                 36980834
    CJ99J030  C1999 10 31.40978 06 19 24.11 -60 46 41.8          12.3 N 36610467
    CJ99J030  C1999 10 31.41652 06 19 20.53 -60 47 26.4          11.5 N 36610467
    CJ99J030  C1999 10 31.42294 06 19 17.41 -60 48 11.2          11.7 N 36610467
    CJ99J030  C1999 11 07.66863 05 03 49.28 -70 56 14.6          15.0 N 36610428
    CJ99J030  C1999 11 07.67369 05 03 45.30 -70 56 31.5          14.9 N 36610428
    CJ99J030  C1999 11 07.67709 05 03 42.68 -70 56 43.1          14.9 N 36610428
    CJ99J030  C1999 11 09.22640 04 43 30.70 -72 15 20.9                 36980834
    CJ99J030  C1999 11 09.25112 04 43 10.64 -72 16 28.7                 36980834
    CJ99J030  C1999 11 12.63639 03 56 02.26 -74 14 29.2          12.5 N 36610474
    CJ99J030  C1999 11 12.64508 03 55 54.65 -74 14 42.0          12.3 N 36610474
    CJ99J030  C1999 11 12.65586 03 55 45.57 -74 14 57.6          12.4 N 36610474
    CJ99J030  C1999 11 15.51675 03 15 38.96 -75 05 41.8          13.2 T 36610474
    CJ99J030  C1999 11 15.52722 03 15 29.98 -75 05 45.8          12.0 T 36610474
    CJ99J030  C1999 11 17.21808 02 52 56.81 -75 18 48.3                 36980834
    CJ99J030  C1999 11 17.25919 02 52 24.21 -75 18 58.0                 36980834
    CJ99J030  C1999 11 20.17948 02 17 11.87 -75 18 23.0                 36980834
    CJ99J030  C1999 11 20.21655 02 16 46.92 -75 18 13.5                 36980834
    CJ99J030  C1999 12 01.03090 00 53 07.72 -73 10 14.5                 36980808
    CJ99J030  C1999 12 01.08090 00 52 52.41 -73 09 27.7                 36980808
    CJ99J030  C1999 12 04.03438 00 40 14.29 -72 22 39.3                 36980808
    CJ99J030  C1999 12 04.08576 00 40 03.19 -72 21 51.1                 36980808
    CJ99J030  C1999 12 05.03403 00 36 39.01 -72 06 40.6                 36980808
    CJ99J030  C1999 12 05.08819 00 36 27.42 -72 05 47.5                 36980808
    CJ99J030  C1999 12 05.46860 00 35 11.20 -71 59 43.8          14.4 T 36980428
    CJ99J030  C1999 12 06.04028 00 33 21.05 -71 50 36.0                 36980808
    CJ99J030  C1999 12 06.09444 00 33 10.93 -71 49 43.0                 36980808
    CJ99J030  C2000 02 28.45065 01 14 35.80 -59 56 58.5          17.7 N 38954413
    CJ99J030  C2000 02 28.45959 01 14 36.64 -59 56 57.6          18.1 N 38954413
    CJ99J030  C2000 02 28.46351 01 14 36.99 -59 56 56.9          17.4 N 38954413
