06489J91J00X 3 1991 04 15.34878 13 53 43.44 -12 49 04.9          18.5   24979675
06489J91J00X 3 1991 04 15.38229 13 53 42.80 -12 48 51.4                 24979675
06489J91J00X  A1991 05 09.27083 13 52 10.49 -08 10 04.3          16.0   18342675
06489J91J00X  A1991 05 09.29288 13 52 10.36 -08 09 38.4                 18342675
06489J91J00X* A1991 05 10.32847 13 52 23.04 -07 49 05.3          16.0   18342675
06489J91J00X  A1991 05 10.35260 13 52 23.08 -07 48 35.1                 18342675
06489J91J00X  A1991 05 12.30990 13 52 59.87 -07 06 47.6                 18342675
06489J91J00X  A1991 05 12.33472 13 53 00.08 -07 06 11.5                 18342675
06489J91J00X  A1991 05 16.10659 13 55 02.63 -05 32 34.4                 18355801
06489J91J00X  A1991 05 16.13064 13 55 03.20 -05 31 54.7                 18355801
06489J91J00X  A1991 05 16.36711 13 55 13.46 -05 24 59.9          16.0 V 18335568
06489J91J00X  A1991 05 16.39444 13 55 17.26 -05 23 19.8                 18334413
06489J91J00X  A1991 05 17.35705 13 56 01.15 -04 56 35.5          15.8 V 18335568
06489J91J00X  A1991 05 18.36753 13 56 57.05 -04 25 44.0          15.7 V 18335568
06489J91J00X  A1991 05 18.52002 13 57 06.18 -04 19 55.6                 18334413
06489J91J00X  A1991 05 26.23591 14 10 43.95 +01 07 11.0                 18348688
06489J91J00X  A1991 05 26.28039 14 10 50.00 +01 09 44.2                 18348688
06489J91J00X  A1991 05 30.38472 14 26 14.99 +06 04 22.3                 18335568
06489J91J00X  A1991 05 30.52550 14 26 55.90 +06 19 02.6                 18335474
06489J91J00X  A1991 05 30.53071 14 26 57.30 +06 19 29.6                 18335474
06489J91J00X  A1991 05 31.15373 14 30 21.09 +07 15 19.9                 18348688
06489J91J00X  A1991 05 31.15709 14 30 22.10 +07 15 40.3                 18348688
06489J91J00X  A1991 05 31.36387 14 31 34.58 +07 38 20.8                 18334413
06489J91J00X  A1991 05 31.39657 14 31 44.73 +07 41 38.9                 18334413
06489J91J00X  A1991 06 01.37480 14 37 46.14 +09 26 20.1                 18335474
06489J91J00X  A1991 06 01.38244 14 37 48.72 +09 27 12.8                 18335474
06489J91J00X  A1991 06 01.40243 14 37 59.17 +09 29 04.4                 18334413
06489J91J00X  A1991 06 01.42862 14 38 05.49 +09 32 28.5                 18335474
06489J91J00X  A1991 06 01.57049 14 38 59.46 +09 48 23.9                 18334413
06489J91J00X  A1991 06 02.33438 14 44 43.48 +11 21 52.3                 18335474
06489J91J00X  A1991 06 02.33889 14 44 45.45 +11 22 26.3                 18335474
06489J91J00X  A1991 06 02.52778 14 46 06.87 +11 46 58.1                 18335474
06489J91J00X  A1991 06 02.53299 14 46 09.24 +11 47 39.6                 18335474
06489J91J00X  A1991 06 03.05917 14 50 42.17 +12 55 46.1                 18355801
06489J91J00X  A1991 06 03.06070 14 50 42.89 +12 55 58.9                 18355801
06489J91J00X  A1991 06 03.06537 14 50 45.15 +12 56 38.6                 18356801
06489J91J00X  A1991 06 03.06625 14 50 45.59 +12 56 46.1                 18356801
06489J91J00X  A1991 06 03.41962 14 54 00.87 +13 50 49.2                 18334413
06489J91J00X  A1991 06 03.42101 14 54 01.60 +13 51 02.5                 18334413
06489J91J00X  A1991 06 03.98229 14 59 26.47 +15 13 31.1                 18394984
06489J91J00X  A1991 06 04.18279 15 01 39.07 +15 46 27.9                 18348688
06489J91J00X  A1991 06 04.18796 15 01 42.11 +15 47 18.9                 18348688
06489J91J00X  A1991 06 05.43183 15 16 36.04 +19 27 02.5                 18336657
06489J91J00X  A1991 06 05.43470 15 16 38.30 +19 27 35.0                 18336657
06489J91J00X  A1991 06 05.90050 15 23 24.18 +20 59 57.5                 18502046
06489J91J00X  A1991 06 06.27681 15 29 15.15 +22 18 22.6                 18336657
06489J91J00X  A1991 06 06.28236 15 29 20.25 +22 19 33.1                 18336657
06489         C1991 06 08.22089 16 07 47.69 +29 56 07.8          14.1 Vz27525776
06489         C1991 06 08.22803 16 07 57.63 +29 57 55.1                z27525776
06489         C1991 06 08.23441 16 08 06.38 +29 59 32.2                z27525776
06489         C1991 06 08.24346 16 08 18.90 +30 01 48.2                z27525776
06489         C1991 06 08.24459 16 08 20.45 +30 02 05.3                z27525776
06489         C1991 06 08.24697 16 08 23.74 +30 02 41.1                z27525776
06489         C1991 06 08.27749 16 09 06.37 +30 10 19.3                z27525776
06489J91J00X  A1991 06 09.13885 16 32 28.61 +33 54 09.0                 18573801
06489J91J00X  A1991 06 09.13969 16 32 30.02 +33 54 22.2                 18573801
06489J91J00X  A1991 06 10.27884 17 09 59.39 +38 46 39.5                 18573801
06489J91J00X  A1991 06 11.29204 17 50 38.43 +42 36 49.3                 18573801
06489J91J00X  A1991 06 11.29377 17 50 42.77 +42 37 09.9                 18573801
06489J91J00X  A1991 06 11.89268 18 17 49.97 +44 26 33.7                 18502046
06489J91J00X  A1991 06 13.42379 19 30 55.33 +47 07 23.2          15     18532675
06489J91J00X  A1991 06 13.44341 19 31 49.25 +47 08 10.5                 18532675
06489J91J00X  A1991 06 15.42032 20 58 12.22 +46 17 57.2                 18532675
06489J91J00X  A1991 06 15.44792 20 59 12.18 +46 15 49.0                 18532675
06489J91J00X  A1991 06 19.90938 22 50 46.72 +38 10 08.5                m18511540
06489J91J00X  A1991 06 19.92743 22 51 03.19 +38 08 17.1                m18511540
06489J91J00X  A1991 06 19.94618 22 51 20.15 +38 06 25.8                m18511540
06489J91J00X  A1991 07 03.39785 00 17 11.03 +24 41 55.4                 18513657
06489J91J00X  A1991 07 03.40286 00 17 11.69 +24 41 47.0                 18513657
06489J91J00X  A1991 08 06.32993 00 42 12.07 +15 30 39.1                 18747801
06489J91J00X  A1991 08 06.35207 00 42 11.26 +15 30 23.1                 18747801
06489J91J00X  A1991 08 11.32552 00 39 23.42 +14 22 11.6                 18747801
06489J91J00X  A1991 08 11.33595 00 39 22.87 +14 22 02.5                 18747801
06489J91J00X  A1991 09 06.28369 00 10 37.18 +07 27 07.3                 18924801
06489J91J00X  A1991 09 06.29487 00 10 36.24 +07 26 56.2                 18924801
06489J91J00X  A1991 09 07.29086 00 09 19.64 +07 10 31.9                 18924801
06489J91J00X  A1991 09 07.29955 00 09 18.92 +07 10 23.4                 18924801
06489J91J00X  A1991 09 17.22086 23 57 27.65 +04 36 33.5                i18917691
06489J91J00X  A1991 09 17.23026 23 57 27.04 +04 36 26.3                i18917691
06489J91J00X 3 1991 09 17.38229 23 57 16.19 +04 34 14.0          18.8   19414675
06489J91J00X 1C1995 03 07.73703 13 43 47.59 -13 12 06.1                 24957413
06489J91J00X 1C1995 03 07.74064 13 43 47.77 -13 12 07.3                 24957413
06489J91J00X 1C1995 03 07.79066 13 43 49.79 -13 12 18.5                 24957413
06489J91J00X 1C1995 03 21.58882 13 52 38.57 -13 50 52.9                 24957413
06489J91J00X 1C1995 03 21.59456 13 52 38.68 -13 50 53.2                 24957413
06489J91J00X  C1995 04 12.41485 13 59 13.20 -13 26 41.1                c25122608
06489J91J00X  C1995 04 12.45340 13 59 13.09 -13 26 31.8                c25122608
06489J91J00X 1C1995 04 17.48696 13 59 42.38 -13 00 09.8                 25116413
06489J91J00X 1C1995 04 17.49862 13 59 42.33 -13 00 05.5                 25116413
06489J91J00X  C1995 04 20.66007 13 59 53.25 -12 39 18.8          17.3 Vz25109360
06489J91J00X  C1995 04 20.66476 13 59 53.18 -12 39 16.7                z25109360
06489J91J00X  C1995 04 20.67170 13 59 53.15 -12 39 13.6                z25109360
06489        1C1995 04 21.39030 13 59 55.52 -12 33 53.0                 29747658
06489        1C1995 04 21.39273 13 59 55.50 -12 33 51.8                 29747658
06489        1C1995 04 21.39655 13 59 55.48 -12 33 50.0                 29747658
06489        1C1995 04 21.39865 13 59 55.47 -12 33 49.1                 29747658
06489J91J00X  C1995 04 21.40772 13 59 56.36 -12 33 34.6                c25122608
06489J91J00X  C1995 04 21.43576 13 59 56.13 -12 33 21.8                c25122608
06489J91J00X  C1995 04 21.96058 13 59 57.87 -12 29 25.7                 25118557
06489J91J00X  C1995 04 21.99487 13 59 57.69 -12 29 09.1                 25118557
06489J91J00X  C1995 04 22.00925 13 59 57.63 -12 29 02.1                 25118557
06489J91J00X  C1995 04 22.03289 13 59 57.53 -12 28 50.7                 25118557
06489J91J00X  C1995 04 22.05171 13 59 57.45 -12 28 41.3                 25118557
06489J91J00X  C1995 04 23.00001 14 00 01.01 -12 20 55.7                 25118557
06489J91J00X  C1995 04 23.01329 14 00 00.94 -12 20 49.0                 25118557
06489J91J00X  C1995 04 23.60292 14 00 03.51 -12 15 42.0          17.4 Vz25181897
06489J91J00X  C1995 04 23.61552 14 00 03.39 -12 15 35.2                z25181897
06489J91J00X  C1995 04 23.88573 14 00 05.04 -12 13 16.4          17.3 Rz25118540
06489J91J00X  C1995 04 23.88962 14 00 05.09 -12 13 14.2          17.3 Rz25118540
06489J91J00X  C1995 04 23.89586 14 00 05.03 -12 13 11.3          17.4 Rz25118540
06489J91J00X  C1995 04 23.90416 14 00 05.00 -12 13 06.9          17.1 Rz25118540
06489J91J00X  C1995 04 26.63941 14 00 15.57 -11 47 02.5          16.9 Vz25109360
06489J91J00X  C1995 04 26.64583 14 00 15.51 -11 46 58.8                z25109360
06489J91J00X  C1995 04 26.64931 14 00 15.49 -11 46 56.6                z25110360
06489J91J00X  C1995 04 28.39954 14 00 26.00 -11 28 10.5                c25122608
06489J91J00X  C1995 04 28.44207 14 00 25.61 -11 27 41.9                c25122608
06489J91J00X  C1995 04 28.86211 14 00 29.60 -11 23 09.3          16.6 Rz25266540
06489J91J00X  C1995 04 28.86711 14 00 29.57 -11 23 06.2          16.6 Rz25266540
06489J91J00X  C1995 04 28.87252 14 00 29.54 -11 23 03.2          16.7 Rz25266540
06489J91J00X  C1995 05 02.18441 14 00 59.52 -10 42 04.4                z25175801
06489J91J00X  C1995 05 02.19803 14 00 59.52 -10 41 53.4                z25175801
06489J91J00X 6A1995 05 02.34653 14 01 01.24 -10 39 46.8          16.5   25124675
06489J91J00X 6A1995 05 02.37517 14 01 00.82 -10 39 24.4                 25124675
06489J91J00X  C1995 05 02.83961 14 01 09.08 -10 33 11.4          17.1 Rz25266540
06489J91J00X  C1995 05 02.84399 14 01 09.09 -10 33 07.6          17.1 Rz25266540
06489J91J00X  C1995 05 02.84898 14 01 09.11 -10 33 03.6          17.1 Rz25266540
06489J91J00X  C1995 05 04.17838 14 01 27.99 -10 14 03.5                z25175801
06489J91J00X  C1995 05 05.57644 14 01 54.35 -09 52 40.3          16.8 Vm25111367
06489J91J00X  C1995 05 05.57904 14 01 54.38 -09 52 38.9                m25111367
06489J91J00X  C1995 05 05.58284 14 01 54.40 -09 52 35.6                m25111367
06489J91J00X  C1995 05 07.91700 14 02 51.56 -09 13 35.1                z25268587
06489J91J00X  C1995 05 07.92047 14 02 51.59 -09 13 31.4                z25268587
06489J91J00X  C1995 05 08.26476 14 03 01.28 -09 07 13.4                i25288711
06489J91J00X  C1995 05 08.28047 14 03 01.46 -09 06 56.3                i25288711
06489J91J00X  C1995 05 09.24811 14 03 33.19 -08 48 59.8                i25288711
06489J91J00X  C1995 05 09.25469 14 03 33.30 -08 48 52.2                i25288711
06489J91J00X  C1995 05 09.88611 14 03 56.76 -08 36 47.4                z25256104
06489J91J00X  C1995 05 09.89028 14 03 56.78 -08 36 42.4                z25256104
06489J91J00X  C1995 05 09.89583 14 03 56.92 -08 36 35.7                z25256104
06489J91J00X  C1995 05 09.91448 14 03 56.97 -08 36 16.0          15.7 R 25259118
06489        1C1995 05 10.26432614 04 10.544-08 29 11.70                29462689
06489J91J00X  C1995 05 15.85404 14 09 27.04 -06 17 02.7          15.7 Rz25266540
06489J91J00X  C1995 05 15.86073 14 09 27.35 -06 16 51.2          15.7 Rz25266540
06489J91J00X  C1995 05 17.53976 14 11 50.77 -05 26 53.9                z25262360
06489J91J00X  C1995 05 17.55556 14 11 51.84 -05 26 24.8                z25262360
06489J91J00X  C1995 05 17.56042 14 11 52.21 -05 26 14.9                z25262360
06489J91J00X 1C1995 05 18.24859 14 12 59.41 -05 04 05.9          15.8 Vz25390689
06489J91J00X  C1995 05 18.53164 14 13 29.22 -04 54 39.4          16.0 Vz25313897
06489J91J00X  C1995 05 18.53684 14 13 29.63 -04 54 29.2                z25313897
06489J91J00X  C1995 05 18.59212 14 13 34.52 -04 52 36.2          15.8 Vm25262367
06489J91J00X  C1995 05 18.59455 14 13 34.70 -04 52 31.2                m25262367
06489J91J00X  C1995 05 18.59684 14 13 34.89 -04 52 26.7                m25262367
06489J91J00X  C1995 05 18.59929 14 13 35.10 -04 52 21.7                m25262367
06489        1C1995 05 19.24710414 14 47.289-04 29 50.49                29462689
06489J91J00X 1C1995 05 19.35187 14 14 57.78 -04 26 18.5                z25272658
06489J91J00X 1C1995 05 19.35396 14 14 57.98 -04 26 14.1                z25272658
06489J91J00X 1C1995 05 19.35598 14 14 58.18 -04 26 09.6                z25272658
06489J91J00X  C1995 05 19.37082 14 15 01.56 -04 25 08.4                c25270608
06489J91J00X  C1995 05 19.38987 14 15 03.21 -04 24 27.1                c25270608
06489J91J00X  C1995 05 19.41787 14 15 05.63 -04 23 26.6                c25270608
06489J91J00X  C1995 05 20.95710 14 18 22.58 -03 24 51.3                z25268587
06489J91J00X  C1995 05 20.95868 14 18 22.77 -03 24 47.5                z25268587
06489J91J00X  C1995 05 20.96056 14 18 23.00 -03 24 42.8                z25268587
06489        1C1995 05 21.24461514 19 04.593-03 12 47.27                29462689
06489J91J00X  C1995 05 22.84102 14 23 20.32 -02 01 28.5          15.2 Rz25258117
06489J91J00X  C1995 05 22.85025 14 23 21.50 -02 01 02.6          15.5 Rz25266540
06489J91J00X  C1995 05 22.85085 14 23 21.75 -02 01 00.9          15.5 Rz25258117
06489J91J00X  C1995 05 22.85270 14 23 21.86 -02 00 55.7          15.5 Rz25266540
06489J91J00X  C1995 05 22.85308 14 23 22.10 -02 00 54.2          15.3 Rz25258117
06489J91J00X  C1995 05 22.85483 14 23 22.19 -02 00 49.3          15.5 Rz25266540
06489J91J00X  C1995 05 22.85697 14 23 22.51 -02 00 43.1          15.6 Rz25266540
06489J91J00X  C1995 05 22.85879 14 23 22.97 -02 00 37.6          15.6 Rz25258117
06489J91J00X  C1995 05 22.86226 14 23 23.44 -02 00 27.5          15.0 Rz25258117
06489J91J00X  C1995 05 22.86855 14 23 24.45 -02 00 09.8          16.0 R 25364113
06489J91J00X  C1995 05 22.87004 14 23 24.74 -02 00 03.0          15.4 Rz25258117
06489J91J00X  C1995 05 22.87310 14 23 25.15 -01 59 56.5          15.6 Rz25258117
06489J91J00X  C1995 05 22.87615 14 23 25.52 -01 59 48.5          15.0 Rz25258117
06489J91J00X  C1995 05 22.88164 14 23 26.39 -01 59 32.2          15.3 Rz25258117
06489J91J00X  C1995 05 22.88414 14 23 26.76 -01 59 25.3          15.3 Rz25258117
06489J91J00X  C1995 05 22.88747 14 23 27.21 -01 59 15.2          14.7 Rz25258117
06489J91J00X  C1995 05 22.89393 14 23 28.33 -01 58 56.1          14.4 Rz25258117
06489J91J00X  C1995 05 22.89788 14 23 28.74 -01 58 47.1          14.5 Rz25258117
06489J91J00X  C1995 05 22.90016 14 23 29.18 -01 58 40.3          14.5 Rz25258117
06489J91J00X  C1995 05 22.90312 14 23 29.74 -01 58 30.5          14.6 Rz25258117
06489J91J00X  C1995 05 22.90465 14 23 29.90 -01 58 25.7          16.2 R 25364113
06489J91J00X  C1995 05 22.90540 14 23 30.06 -01 58 24.3          14.8 Rz25258117
06489J91J00X  C1995 05 22.90724 14 23 30.32 -01 58 17.3          14.8 Rz25258117
06489J91J00X  C1995 05 22.90910 14 23 30.51 -01 58 13.5          14.7 Rz25258117
06489J91J00X  C1995 05 22.91101 14 23 30.69 -01 58 06.5          14.4 Rz25258117
06489J91J00X  C1995 05 22.92847 14 23 33.60 -01 57 16.2          15.9 R 25364113
06489J91J00X  C1995 05 22.92965 14 23 33.28 -01 57 12.3          15.9 R 25259118
06489        1C1995 05 23.24291214 24 30.986-01 41 31.97                29462689
06489J91J00X  C1995 05 23.48260 14 25 11.80 -01 29 06.2                c25270608
06489J91J00X  C1995 05 23.51560 14 25 17.30 -01 27 24.3                c25270608
06489J91J00X  C1995 05 23.57934 14 25 33.62 -01 24 27.8          15.1 Vz25262360
06489J91J00X  C1995 05 23.58351 14 25 34.28 -01 24 15.0                z25262360
06489J91J00X  C1995 05 23.58715 14 25 34.86 -01 24 03.6                z25262360
06489J91J00X  C1995 05 23.86830 14 26 31.51 -01 09 38.7          15.1 Rz25258117
06489J91J00X  C1995 05 23.87433 14 26 32.42 -01 09 21.4          15.3 Rz25258117
06489J91J00X 2A1995 05 27.26493 14 40 38.38 +02 25 31.4                 25274675
06489J91J00X  C1995 05 27.55156 14 42 09.89 +02 47 29.0          14.8 Vm25262367
06489J91J00X  C1995 05 27.55427 14 42 10.66 +02 47 41.7                m25262367
06489J91J00X  C1995 05 27.55660 14 42 11.31 +02 47 52.7                m25262367
06489J91J00X  C1995 05 27.55877 14 42 11.94 +02 48 02.8                m25262367
06489J91J00X  C1995 05 28.15587 14 45 32.66 +03 36 08.9                z25290801
06489J91J00X  C1995 05 28.15847 14 45 33.47 +03 36 21.5                z25290801
06489J91J00X 2A1995 05 28.32778 14 46 31.86 +03 50 59.7                 25274675
06489J91J00X 2A1995 05 28.33194 14 46 33.21 +03 51 17.1                 25274675
06489J91J00X 2A1995 05 28.38490 14 46 50.62 +03 55 50.2                 25274675
06489J91J00X 2A1995 05 28.38906 14 46 51.74 +03 56 09.8                 25274675
06489J91J00X  C1995 05 28.84073 14 49 48.96 +04 35 45.7                 25259118
06489J91J00X  C1995 05 28.85214 14 49 52.99 +04 36 49.0          14.4 R 25259118
06489J91J00X  C1995 05 28.85303 14 49 53.62 +04 36 52.4          14.5 Rz25371540
06489J91J00X  C1995 05 28.85436 14 49 54.10 +04 37 00.0          14.4 Rz25371540
06489J91J00X  C1995 05 28.85610 14 49 54.70 +04 37 09.2          14.4 Rz25371540
06489J91J00X  C1995 05 28.85804 14 49 55.68 +04 37 20.1          14.0 Rz25258117
06489J91J00X  C1995 05 28.86582 14 49 58.41 +04 38 02.8          14.1 Rz25258117
06489J91J00X  C1995 05 28.87165 14 49 59.89 +04 38 37.9                 25259118
06489J91J00X  C1995 05 28.87412 14 50 01.36 +04 38 48.5          14.3 Rz25259117
06489J91J00X  C1995 05 28.87632 14 50 02.08 +04 39 00.8          14.4 Rz25259117
06489J91J00X  C1995 05 28.87922 14 50 03.14 +04 39 16.7          14.3 Rz25259117
06489J91J00X  C1995 05 28.88164 14 50 04.05 +04 39 29.2          14.3 Rz25259117
06489J91J00X  C1995 05 28.89351 14 50 08.28 +04 40 33.7          13.8 Rz25259117
06489J91J00X  C1995 05 28.89575 14 50 09.06 +04 40 47.5          13.9 Rz25259117
06489J91J00X  C1995 05 28.89802 14 50 09.87 +04 40 58.9          13.9 Rz25259117
06489J91J00X  C1995 05 28.90023 14 50 10.70 +04 41 13.1          13.8 Rz25259117
06489J91J00X  C1995 05 28.90251 14 50 11.45 +04 41 26.2          13.9 Rz25259117
06489J91J00X  C1995 05 28.90468 14 50 12.39 +04 41 36.8          14.5 Rz25259117
06489J91J00X  C1995 05 28.92005 14 50 18.16 +04 43 05.8          14.9 R 25265476
06489J91J00X  C1995 05 28.92407 14 50 19.54 +04 43 28.8          14.9 R 25265476
06489J91J00X  C1995 05 28.93159 14 50 21.79 +04 44 00.6          15.0 R 25364113
06489J91J00X  C1995 05 28.96672 14 50 34.54 +04 47 14.3          14.6 R 25364113
06489J91J00X 2A1995 05 30.25278 15 00 00.97 +06 56 39.9                 25274675
06489J91J00X 2A1995 05 30.25694 15 00 02.33 +06 57 04.7                 25274675
06489J91J00X 2A1995 05 30.28628 15 00 15.54 +07 00 17.9                 25274675
06489J91J00X 2A1995 05 30.29045 15 00 16.49 +07 00 39.2                 25274675
06489J91J00X  C1995 05 31.13389 15 07 37.16 +08 37 38.3                z25290801
06489J91J00X  C1995 05 31.14138 15 07 41.01 +08 38 33.2                z25290801
06489J91J00X  C1995 05 31.22153 15 08 24.78 +08 48 17.1          14.3 Rz25289750
06489J91J00X  C1995 05 31.22917 15 08 28.74 +08 49 13.4          14.5 Rz25289750
06489J91J00X  C1995 05 31.23750 15 08 33.09 +08 50 14.9          14.3 Rz25289750
06489J91J00X  C1995 05 31.25904 15 08 44.35 +08 52 53.7          14.1 Rz25289750
06489J91J00X  C1995 05 31.26528 15 08 47.63 +08 53 39.8          14.1 Rz25289750
06489J91J00X  C1995 05 31.27153 15 08 50.92 +08 54 26.1          14.1 Rz25289750
06489J91J00X  C1995 05 31.28002 15 08 56.46 +08 56 03.3                i25288711
06489J91J00X  C1995 05 31.28194 15 08 56.43 +08 55 43.0          14.2 Rz25289750
06489J91J00X  C1995 05 31.28306 15 08 58.02 +08 56 25.8                i25288711
06489J91J00X  C1995 05 31.28716 15 09 00.14 +08 56 56.2                i25288711
06489J91J00X  C1995 05 31.32987 15 09 22.14 +09 01 37.4          14.5 Rz25289750
06489J91J00X  C1995 05 31.36322 15 09 40.42 +09 05 44.9          14.1 Rz25289750
06489J91J00X  C1995 05 31.37410 15 09 46.44 +09 07 05.5          14.0 Rz25289750
06489J91J00X  C1995 05 31.41387 15 10 13.93 +09 13 14.8                c25270608
06489J91J00X  C1995 05 31.41505 15 10 14.55 +09 13 23.5                c25270608
06489J91J00X  C1995 05 31.41604 15 10 15.08 +09 13 31.2                c25270608
06489J91J00X  C1995 05 31.42050 15 10 17.40 +09 14 04.7                c25270608
06489J91J00X  C1995 05 31.42145 15 10 17.89 +09 14 11.8                c25375608
06489J91J00X  C1995 05 31.42242 15 10 18.39 +09 14 19.1                c25375608
06489J91J00X  C1995 06 01.23411 15 18 48.38 +11 02 15.8                i25288711
06489J91J00X  C1995 06 01.23698 15 18 50.12 +11 02 40.1                i25288711
06489J91J00X 2A1995 06 01.28472 15 19 21.33 +11 09 21.7                 25274675
06489J91J00X 2A1995 06 01.28889 15 19 23.82 +11 09 48.8                 25274675
06489J91J00X 2A1995 06 01.33559 15 19 53.14 +11 16 31.5                 25274675
06489J91J00X 2A1995 06 01.33976 15 19 55.61 +11 17 04.3                 25274675
06489J91J00X  C1995 06 01.41171 15 20 46.88 +11 28 01.6                c25270608
06489J91J00X  C1995 06 01.41282 15 20 47.57 +11 28 11.2                c25270608
06489J91J00X  C1995 06 01.41367 15 20 48.11 +11 28 18.6                c25270608
06489J91J00X  C1995 06 01.46227 15 21 18.70 +11 35 16.6                c25270608
06489J91J00X  C1995 06 01.46311 15 21 19.25 +11 35 24.0                c25270608
06489J91J00X  C1995 06 01.46391 15 21 19.77 +11 35 31.0                c25270608
06489J91J00X  C1995 06 01.90706 15 26 46.89 +12 40 41.2          14.0 R 25265476
06489J91J00X  C1995 06 01.91123 15 26 49.79 +12 41 19.9          14.0 R 25265476
06489J91J00X  C1995 06 02.33719 15 32 25.41 +13 49 52.0                c25270608
06489J91J00X  C1995 06 02.33804 15 32 26.08 +13 50 00.3                c25270608
06489J91J00X  C1995 06 02.33898 15 32 26.76 +13 50 09.2                c25270608
06489J91J00X  C1995 06 02.35676 15 32 39.94 +13 53 04.1                c25270608
06489J91J00X  C1995 06 02.35760 15 32 40.56 +13 53 12.4                c25270608
06489J91J00X  C1995 06 02.35921 15 32 41.76 +13 53 28.2                c25270608
06489J91J00X  C1995 06 02.36010 15 32 42.40 +13 53 36.8                c25270608
06489J91J00X 1C1995 06 02.55201415 35 18.88 +14 27 50.7                 25264413
06489J91J00X 1C1995 06 02.55392115 35 20.36 +14 28 09.9                 25264413
06489J91J00X 1C1995 06 03.68393315 52 53.11 +17 50 54.3                 25264413
06489J91J00X 1C1995 06 03.68692215 52 56.08 +17 51 27.7                 25264413
06489J91J00X 1C1995 06 03.68944815 52 58.59 +17 51 56.4                 25264413
06489J91J00X 1C1995 06 04.52838916 08 57.50 +20 40 52.6                 25264413
06489J91J00X 1C1995 06 04.53241816 09 02.10 +20 41 43.4                 25264413
06489J91J00X 1C1995 06 04.58525216 10 02.80 +20 52 49.5                 25264413
06489J91J00X 1C1995 06 04.58672416 10 04.48 +20 53 08.1                 25264413
06489J91J00X  C1995 06 05.58721 16 32 50.30 +24 28 52.4          14.1 Vm25262367
06489J91J00X  C1995 06 05.58958 16 32 53.68 +24 29 24.6                m25262367
06489J91J00X  C1995 06 05.59134 16 32 56.15 +24 29 49.1                m25262367
06489J91J00X  C1995 06 05.59333 16 32 58.95 +24 30 16.0                m25262367
06489J91J00X 1C1995 06 05.60662716 33 13.84 +24 37 06.6                 25264413
06489J91J00X 1C1995 06 05.60826116 33 16.13 +24 37 28.8                 25264413
06489J91J00X 1C1995 06 05.60965616 33 18.11 +24 37 47.5                 25264413
06489J91J00X  C1995 06 05.92396 16 41 30.40 +25 45 12.2          13.3 R 25265476
06489J91J00X  C1995 06 05.92951 16 41 38.84 +25 46 28.9          13.4 R 25265476
06489J91J00X  C1995 06 06.91065 17 10 08.96 +29 33 40.8          13.0 R 25371476
06489J91J00X  C1995 06 06.91701 17 10 20.61 +29 35 10.8          13.0 R 25371476
06489J91J00X  C1995 06 06.93102 17 10 46.08 +29 38 27.3          13.0 R 25371476
06489J91J00X  C1995 06 07.98889 17 47 06.31 +33 33 08.5          13.7 Vz25363104
06489J91J00X  C1995 06 07.98993 17 47 08.55 +33 33 21.9                z25363104
06489J91J00X  C1995 06 07.99086 17 47 10.50 +33 33 33.3                z25363104
06489J91J00X  C1995 06 07.99398 17 47 17.17 +33 34 12.6                z25363104
06489J91J00X  C1995 06 07.99491 17 47 19.15 +33 34 24.2                z25363104
06489J91J00X  C1995 06 07.99606 17 47 21.60 +33 34 37.7                z25363104
06489J91J00X  C1995 06 14.50644 21 52 10.14 +38 12 43.0                c25375608
06489J91J00X  C1995 06 14.50823 21 52 12.77 +38 12 35.5                c25375608
06489J91J00X  C1995 06 14.54051 21 52 59.60 +38 10 16.6                c25375608
06489J91J00X  C1995 06 14.54130 21 53 00.73 +38 10 13.3                c25375608
06489J91J00X  C1995 06 14.54208 21 53 01.87 +38 10 09.6                c25375608
06489J91J00X  C1995 06 14.54304 21 53 03.24 +38 10 05.5                c25375608
06489J91J00X  C1995 06 15.89458 22 23 33.76 +36 16 22.2          15.4 Rz25371540
06489J91J00X  C1995 06 15.89595 22 23 35.36 +36 16 16.5          15.4 Rz25371540
06489J91J00X  C1995 06 15.89716 22 23 36.82 +36 16 10.4          15.4 Rz25371540
06489J91J00X  C1995 06 15.89855 22 23 38.52 +36 16 04.2          15.1 Rz25371540
06489         C1995 06 24.43370 23 53 45.26 +27 11 28.5                 25613711
06489         C1995 06 25.44081 23 58 54.39 +26 30 09.6                 25613711
06489         C1995 06 25.44570 23 58 55.64 +26 29 58.8                 25613711
06489        1C1995 06 30.42868 00 17 48.70 +23 49 48.9                z26659658
06489        1C1995 06 30.43177 00 17 49.20 +23 49 44.4                z26659658
06489J91J00X  C1995 07 04.31429 00 27 41.19 +22 21 06.6          17.3 Rz25405817
06489J91J00X  C1995 07 04.32181 00 27 42.02 +22 20 58.2          17.8 Rz25405817
06489        1C1995 07 20.74506 00 48 39.20 +18 34 16.0                 25479413
06489        1C1995 07 20.74775 00 48 39.26 +18 34 14.4                 25479413
06489        1C1995 07 20.75042 00 48 39.31 +18 34 12.6                 25479413
06489         C1995 07 21.97653 00 49 22.60 +18 20 17.3          17.7 Rz25480540
06489         C1995 07 21.98347 00 49 22.84 +18 20 12.9          17.7 Rz25480540
06489         C1995 07 21.99345 00 49 23.09 +18 20 06.9          17.4 Rz25480540
06489         C1995 07 27.03557 00 51 13.73 +17 27 53.6          18.0 R 25474118
06489        1C1995 08 05.70681 00 50 25.87 +15 43 34.7                 25479413
06489        1C1995 08 05.71059 00 50 25.74 +15 43 32.2                 25479413
06489         C1995 08 06.05502 00 50 18.25 +15 38 49.2                 25567118
06489        1C1995 08 20.48573 00 39 41.79 +12 28 51.7          18.1 Rz25584658
06489        1C1995 08 20.48822 00 39 41.61 +12 28 49.5                z25584658
06489        1C1995 08 20.49076 00 39 41.43 +12 28 47.1          18.2 Rz25584658
06489        1C1995 08 21.39881 00 38 43.75 +12 15 17.5                z25584658
06489        1C1995 08 21.40124 00 38 43.57 +12 15 15.3                z25584658
06489        1C1995 08 21.40391 00 38 43.38 +12 15 12.9                z25584658
06489         C1995 08 26.34024 00 32 57.67 +10 59 18.9                 25613711
06489         C1995 08 26.34833 00 32 56.96 +10 59 11.1                 25613711
06489         C1995 08 28.32766 00 30 27.50 +10 27 38.4                 25613711
06489         C1995 08 28.33593 00 30 26.78 +10 27 30.2                 25613711
06489        2C1995 09 01.49322 00 24 59.46 +09 20 05.8                 26491568
06489         C1995 09 15.48389 00 06 41.02 +05 37 11.6                c25696608
06489         C1995 09 15.51853 00 06 38.20 +05 36 40.7                c25696608
06489        1C1995 09 16.42522 00 05 32.95 +05 23 06.6                z26046658
06489        1C1995 09 16.42794 00 05 32.74 +05 23 04.3                z26046658
06489        1C1995 09 16.43211 00 05 32.39 +05 23 00.4                z26046658
06489         C1995 09 20.48513 00 00 55.40 +04 25 35.2                c25696608
06489         C1995 09 20.52003 00 00 52.91 +04 25 06.4                c25696608
06489         C1995 09 21.34329 00 00 00.36 +04 13 54.8                 25708711
06489         C1995 09 21.35162 23 59 59.75 +04 13 47.6                 25708711
06489         C1995 09 22.47397 23 58 49.86 +03 59 00.6                c25696608
06489         C1995 09 22.51536 23 58 47.05 +03 58 28.3                c25696608
06489        2C1995 10 19.46749 23 44 38.64 +00 11 35.8          19.4 Ra30146568
06489        2C1995 10 19.47384 23 44 38.60 +00 11 34.3          19.4 Ra30146568
06489         C1999 03 14.37111 14 00 36.96 -14 29 43.8                za4390711
06489         C1999 03 14.38410 14 00 37.57 -14 29 47.0                za4390711
06489         C1999 04 10.64714 14 22 15.14 -15 15 08.3          17.5 R a4696426
06489         C1999 04 10.66245 14 22 15.71 -15 15 07.1          17.3 R a4696426
06489         C1999 04 10.67664 14 22 16.23 -15 15 06.2          17.3 R a4696426
06489         C1999 04 12.60918 14 23 42.88 -15 12 20.0          17.8 R a4696426
06489         C1999 04 12.62809 14 23 43.61 -15 12 18.4          17.7 R a4696426
06489         C1999 04 12.64769 14 23 44.25 -15 12 16.0          17.5 R a4696426
06489         C1999 04 14.29551 14 24 59.30 -15 09 30.0          18.2 Rca4696699
06489         C1999 04 14.32098 14 25 00.35 -15 09 28.0                ca4696699
06489         C1999 04 14.34646 14 25 01.27 -15 09 24.8                ca4696699
06489         C1999 04 14.69774 14 25 17.01 -15 08 38.1          18.0 V a4696360
06489         C1999 04 14.70295 14 25 17.20 -15 08 37.4                 a4696360
06489         C1999 04 14.70938 14 25 17.43 -15 08 36.4                 a4696360
06489         C1999 04 15.38311 14 25 48.49 -15 07 00.8          18.2  aa4696704
06489         C1999 04 15.40025 14 25 49.22 -15 06 56.8          18.1  aa4696704
06489         C1999 04 15.41729 14 25 49.76 -15 06 52.9          18.1  aa4696704
06489         C1999 04 15.43433 14 25 50.63 -15 06 49.7          18.5  aa4696704
06489         C1999 04 15.45131 14 25 51.24 -15 06 47.5          18.7  aa4696704
06489         C1999 04 17.31387 14 27 20.72 -15 01 40.2          17.9  aa4696704
06489         C1999 04 17.33097 14 27 21.50 -15 01 37.4          17.9  aa4696704
06489         C1999 04 17.34800 14 27 22.18 -15 01 35.3          18.3  aa4696704
06489         C1999 04 17.36511 14 27 22.85 -15 01 31.6          17.8  aa4696704
06489         C1999 04 19.30503 14 28 59.91 -14 54 57.2 MPS  469617.2 Va48553691
06489         C1999 04 19.32765 14 29 00.75 -14 54 51.2 MPS  469617.5 Va48553691
06489         C1999 04 19.34990 14 29 01.65 -14 54 46.3 MPS  469617.6 Va48553691
06489         C1999 04 20.30138 14 29 51.38 -14 51 05.6          17.4  aa4696704
06489         C1999 04 20.31759 14 29 52.06 -14 51 02.8          17.2  aa4696704
06489         C1999 04 20.33374 14 29 52.79 -14 50 59.0          17.1  aa4696704
06489         C1999 04 20.34997 14 29 53.40 -14 50 55.0          17.1  aa4696704
06489         C1999 04 20.36623 14 29 54.04 -14 50 50.4          17.2  aa4696704
06489         C1999 04 24.43669 14 33 48.32 -14 30 45.9          17.1 Rza4696428
06489         C1999 04 24.45623 14 33 49.37 -14 30 40.2          17.2 Rza4696428
06489         C1999 05 04.87005 14 48 18.63 -13 07 20.1          15.8 Rza5427151
06489         C1999 05 04.87418 14 48 19.08 -13 07 17.0          15.6 Rza5427151
06489         C1999 05 04.87858 14 48 19.50 -13 07 14.9          15.9 Rza5427151
06489         C1999 05 04.88032 14 48 19.67 -13 07 13.5          16.3 Rza5427151
06489         C1999 05 07.24942 14 53 12.57 -12 38 21.9          15.4 Vca5427713
06489         C1999 05 07.26469 14 53 14.38 -12 38 09.9          15.5 Vca5427713
06489         C1999 05 07.28006 14 53 16.21 -12 37 58.0          15.5 Vca5427713
06489         C1999 05 08.15729 14 55 19.13 -12 24 59.3                za5955808
06489         C1999 05 08.21840 14 55 26.81 -12 24 07.8                za5955808
06489         C1999 05 08.24105 14 55 31.61 -12 24 48.1          15.6 Vca5427713
06489         C1999 05 08.25148 14 55 32.95 -12 24 39.5          15.5 Vca5427713
06489         C1999 05 08.25958 14 55 34.34 -12 24 29.3          15.1 Rcd1056699
06489         C1999 05 08.27023 14 55 35.36 -12 24 23.3          15.4 Vca5427713
06489         C1999 05 08.27235 14 55 35.95 -12 24 19.2                cd1056699
06489         C1999 05 08.27760 14 55 36.77 -12 24 14.1          16.5 Via5427714
06489         C1999 05 08.28512 14 55 37.58 -12 24 07.5                cd1056699
06489         C1999 05 08.30539 14 55 40.30 -12 23 50.1          16.7 Via5427714
06489         C1999 05 09.26014 14 58 05.96 -12 09 45.1          16.6 Via5427714
06489         C1999 05 09.26390 14 58 06.52 -12 09 41.4          16.5 Via5427714
06489         C1999 05 09.92641 14 59 53.42 -11 59 25.4          16.8 Vza5427610
06489         C1999 05 09.94118 14 59 55.61 -11 59 11.1                za5427610
06489         C1999 05 09.95646 14 59 57.88 -11 58 56.3                za5427610
06489         C1999 05 09.96671 14 59 59.41 -11 58 46.4                za5427610
06489         C1999 05 09.97574 15 00 00.75 -11 58 37.6                za5427610
06489         C1999 05 10.22832 15 00 44.76 -11 54 24.0          17.3  aa5427704
06489         C1999 05 10.24055 15 00 46.61 -11 54 12.1                aa5427704
06489         C1999 05 10.25276 15 00 48.44 -11 53 59.1                aa5427704
06489         C1999 05 10.26495 15 00 50.30 -11 53 47.1                aa5427704
06489         C1999 05 10.27712 15 00 52.14 -11 53 36.4          17.6  aa5427704
06489         C1999 05 11.08960 15 03 17.25 -11 39 50.0          16.8 Via5427836
06489         C1999 05 11.09062 15 03 18.08 -11 39 37.6                ca5427758
06489         C1999 05 11.09575 15 03 18.95 -11 39 32.5                ca5427758
06489         C1999 05 11.10125 15 03 19.89 -11 39 26.9                ca5427758
06489         C1999 05 11.10961 15 03 20.52 -11 39 29.2          16.6 Via5427836
06489         C1999 05 11.12919 15 03 23.72 -11 39 09.4                ia5427836
06489         C1999 05 11.20554 15 03 38.14 -11 37 46.5          15.3 Vca5427713
06489         C1999 05 11.21693 15 03 40.05 -11 37 34.1          15.2 Vca5427713
06489         C1999 05 11.23419 15 03 42.88 -11 37 16.5          15.1 Vca5427713
06489         C1999 05 11.25711 15 03 46.68 -11 36 51.9          15.2 Vca5427713
06489         C1999 05 11.28385 15 03 50.82 -11 36 12.8                ca5427720
06489         C1999 05 11.29045 15 03 51.88 -11 36 05.3                ca5427720
06489         C1999 05 11.29358 15 03 52.36 -11 36 02.2                ca5427720
06489         C1999 05 11.61992 15 04 54.19 -11 30 16.6          16.1 Vza5427900
06489         C1999 05 11.63067 15 04 56.02 -11 30 04.7                za5427900
06489         C1999 05 11.63786 15 04 57.29 -11 29 56.8          16.1 Vza5427903
06489         C1999 05 11.64219 15 04 58.02 -11 29 52.3                za5427903
06489         C1999 05 11.64600 15 04 58.67 -11 29 48.0                za5427903
06489         C1999 05 12.27188 15 07 02.25 -11 17 53.0                ca5427720
06489         C1999 05 12.27726 15 07 03.20 -11 17 46.5                ca5427720
06489         C1999 05 12.28021 15 07 03.74 -11 17 43.2                ca5427720
06489         C1999 05 13.04663 15 09 46.18 -11 01 18.3          14.6 Rca5427844
06489         C1999 05 13.04992 15 09 46.82 -11 01 14.4          13.9 Rca5427844
06489         C1999 05 13.90069 15 12 56.63 -10 44 29.5          16.1 Vza5427610
06489         C1999 05 13.90563 15 12 57.69 -10 44 23.0                za5427610
06489         C1999 05 13.90917 15 12 58.45 -10 44 18.3                za5427610
06489         C1999 05 13.91183 15 12 59.02 -10 44 14.8                za5427610
06489         C1999 05 13.91597 15 12 59.91 -10 44 09.3                za5427610
06489         C1999 05 14.26610 15 14 22.48 -10 36 09.0          15.5  aa5427704
06489         C1999 05 14.27818 15 14 25.10 -10 35 52.2                aa5427704
06489         C1999 05 14.29059 15 14 27.78 -10 35 35.4                aa5427704
06489         C1999 05 14.30254 15 14 30.35 -10 35 19.1                aa5427704
06489         C1999 05 14.31457 15 14 32.96 -10 35 02.0                aa5427704
06489         C1999 05 14.97017 15 17 17.44 -10 19 39.9                 a5427952
06489         C1999 05 14.97130 15 17 17.67 -10 19 38.4                 a5427952
06489         C1999 05 14.97206 15 17 17.86 -10 19 37.6                 a5427952
06489         C1999 05 14.97362 15 17 18.21 -10 19 35.4                 a5427952
06489         C1999 05 14.97559 15 17 18.70 -10 19 32.4                 a5427952
06489         C1999 05 15.23442 15 18 26.25 -10 13 10.3                 a5427734
06489         C1999 05 15.23766 15 18 27.04 -10 13 05.4                 a5427734
06489         C1999 05 15.23890 15 18 28.05 -10 12 59.1                aa5427704
06489         C1999 05 15.24253 15 18 28.20 -10 12 58.3                 a5427734
06489         C1999 05 15.24538 15 18 28.86 -10 12 53.9                 a5427734
06489         C1999 05 15.25401 15 18 31.67 -10 12 36.8                aa5427704
06489         C1999 05 15.26925 15 18 35.27 -10 12 13.8                aa5427704
06489         C1999 05 15.28443 15 18 38.88 -10 11 52.6                aa5427704
06489         C1999 05 15.29957 15 18 42.61 -10 11 27.5          17.5  aa5427704
06489         C1999 05 15.31462 15 18 46.06 -10 11 06.6                aa5427704
06489         C1999 05 15.32972 15 18 49.72 -10 10 43.1                aa5427704
06489         C1999 05 15.34478 15 18 53.34 -10 10 20.4                aa5427704
06489         C1999 05 15.36008 15 18 57.05 -10 09 57.2                aa5427704
06489         C1999 05 15.37513 15 19 00.74 -10 09 33.0          17.3  aa5427704
06489         C1999 05 15.39020 15 19 04.39 -10 09 10.7                aa5427704
06489         C1999 05 15.40525 15 19 08.14 -10 08 45.6                aa5427704
06489         C1999 05 15.42037 15 19 11.88 -10 08 22.8                aa5427704
06489         C1999 05 15.43551 15 19 15.70 -10 07 59.7                aa5427704
06489         C1999 05 15.52436 15 19 44.15 -10 04 34.0          15.8 Rza5427428
06489         C1999 05 15.52677 15 19 44.67 -10 04 30.5          15.8 Rza5427428
06489         C1999 05 15.52899 15 19 45.27 -10 04 27.0          15.8 Rza5427428
06489         C1999 05 15.60830 15 20 05.86 -10 02 21.1          14.0 R a5427426
06489         C1999 05 15.61038 15 20 06.39 -10 02 17.9          13.9 R a5427426
06489         C1999 05 15.61289 15 20 07.02 -10 02 14.0          14.0 R a5427426
06489         C1999 05 15.68473 15 20 23.60 -10 00 23.9          15.8 Rza5427428
06489         C1999 05 15.68655 15 20 24.06 -10 00 21.0          15.8 Rza5427428
06489         C1999 05 15.68836 15 20 24.53 -10 00 18.0          15.8 Rza5427428
06489         C1999 05 16.14057 15 22 37.17 -09 49 40.8                ia5427739
06489         C1999 05 16.14264 15 22 37.80 -09 49 37.0                ia5427739
06489         C1999 05 16.14441 15 22 38.27 -09 49 35.2                ia5427739
06489         C1999 05 16.14697 15 22 38.95 -09 49 30.5                ia5427739
06489         C1999 05 16.14896 15 22 39.45 -09 49 27.7                ia5427739
06489         C1999 05 16.15104 15 22 39.96 -09 49 24.6                ia5427739
06489         C1999 05 16.15521 15 22 41.06 -09 49 19.1                ia5427739
06489         C1999 05 16.15729 15 22 41.69 -09 49 14.8                ia5427739
06489         C1999 05 16.15937 15 22 42.33 -09 49 09.8                ia5427739
06489         C1999 05 17.26964 15 28 17.05 -09 17 31.4          17.2  aa5427704
06489         C1999 05 17.28190 15 28 20.60 -09 17 09.6          17.2  aa5427704
06489         C1999 05 17.29409 15 28 24.12 -09 16 46.6          17.2  aa5427704
06489         C1999 05 17.30625 15 28 27.72 -09 16 25.5          17.4  aa5427704
06489         C1999 05 17.31843 15 28 31.25 -09 16 02.8          17.2  aa5427704
06489         C1999 05 17.32578 15 28 33.80 -09 15 51.4          14.7 Rca5427699
06489         C1999 05 17.35125 15 28 41.31 -09 15 04.9                ca5427699
06489         C1999 05 17.37674 15 28 48.87 -09 14 17.9                ca5427699
06489          1999 05 17.71181 15 30 39.99 -09 02 29.5                 b8676323
06489         C1999 05 17.89667 15 31 45.21 -08 58 20.5          15.2 Rza5427151
06489         C1999 05 17.89984 15 31 46.21 -08 58 14.0          15.4 Rza5427151
06489         C1999 05 17.90263 15 31 47.15 -08 58 09.0          15.2 Rza5427151
06489         C1999 05 17.90665 15 31 48.41 -08 58 00.9          15.2 Rza5427151
06489         C1999 05 18.22946 15 33 40.54 -08 47 19.9          17.4  aa5427704
06489         C1999 05 18.24363 15 33 45.12 -08 46 52.8          17.7  aa5427704
06489         C1999 05 18.25763 15 33 49.72 -08 46 24.2                aa5427704
06489         C1999 05 18.27165 15 33 54.24 -08 45 56.3                aa5427704
06489         C1999 05 18.28562 15 33 58.73 -08 45 29.1                aa5427704
06489         C1999 05 20.20426 15 46 32.39 -07 34 49.7                za5427732
06489         C1999 05 20.20897 15 46 34.26 -07 34 38.5                za5427732
06489         C1999 05 20.21367 15 46 36.12 -07 34 25.9                za5427732
06489         C1999 05 21.24994 15 54 29.36 -06 50 04.6                za5427732
06489         C1999 05 21.25295 15 54 30.61 -06 49 57.4                za5427732
06489         C1999 05 21.25597 15 54 31.94 -06 49 49.0                za5427732
06489         C1999 05 21.26305 15 54 35.87 -06 49 54.3          15.5  aa5427704
06489         C1999 05 21.27288 15 54 40.26 -06 49 27.6                aa5427704
06489         C1999 05 21.28276 15 54 44.73 -06 49 01.0                aa5427704
06489         C1999 05 21.29274 15 54 49.21 -06 48 34.3                aa5427704
06489         C1999 05 21.30262 15 54 53.67 -06 48 07.6                aa5427704
06489         C1999 05 22.10994 16 01 47.43 -06 09 49.1          15.6 Via5427836
06489         C1999 05 22.12778 16 01 56.45 -06 08 55.8          16.3 Via5427836
06489         C1999 05 22.35225 16 03 51.83 -05 56 57.9          14.5 Rza5427732
06489         C1999 05 22.35361 16 03 52.50 -05 56 53.9          14.5 Rza5427732
06489         C1999 05 22.35900 16 03 55.25 -05 56 37.0          14.5 Rza5427732
06489         C1999 05 22.36037 16 03 55.95 -05 56 33.0          14.6 Rza5427732
06489         C1999 05 22.36174 16 03 56.65 -05 56 28.5          14.5 Rza5427732
06489          1999 05 22.81597 16 08 10.49 -05 31 00.8                 b8676323
06489         C1999 05 23.96775 16 20 02.18 -04 26 53.1          15.4 Vza5427610
06489         C1999 05 23.97192 16 20 04.75 -04 26 37.6                za5427610
06489         C1999 05 23.97609 16 20 07.32 -04 26 22.1                za5427610
06489         C1999 05 23.98025 16 20 09.90 -04 26 06.6                za5427610
06489         C1999 05 23.98442 16 20 12.47 -04 25 51.1                za5427610
06489         C1999 05 24.41458 16 24 56.06 -03 57 50.7          14.3 Rza5427732
06489         C1999 05 24.41581 16 24 56.88 -03 57 46.0          14.2 Rza5427732
06489         C1999 05 24.41705 16 24 57.68 -03 57 40.9          14.2 Rza5427732
06489         C1999 05 24.87996 16 30 34.18 -03 27 44.4          14.9 Rza5427151
06489         C1999 05 24.88294 16 30 36.27 -03 27 32.4          15.0 Rza5427151
06489         C1999 05 24.88633 16 30 38.64 -03 27 18.6          15.3 Rza5427151
06489         C1999 05 26.27839 16 48 51.51 -01 43 42.2                za5427711
06489         C1999 05 26.28349 16 48 55.48 -01 43 16.3                za5427711
06489         C1999 05 27.27249 17 03 43.07 -00 20 12.5          16.1  za5427750
06489         C1999 05 27.27786 17 03 47.92 -00 19 43.9          18.8  za5427750
06489         C1999 05 27.28803 17 03 57.19 -00 18 49.5          16.0  za5427750
06489         C1999 05 28.88128 17 31 29.51 +02 14 15.8          14.7 Rza5428151
06489         C1999 05 28.88434 17 31 32.85 +02 14 34.1          14.0 Rza5428151
06489         C1999 05 28.88696 17 31 35.71 +02 14 50.8          14.2 Rza5428151
06489         C1999 05 28.88917 17 31 38.15 +02 15 04.3          14.7 Rza5428151
06489         C1999 05 29.99451 17 53 19.40 +04 13 53.5                za5428610
06489         C1999 05 29.99867 17 53 24.39 +04 14 21.4                za5428610
06489         C1999 05 30.00075 17 53 26.89 +04 14 35.4                za5428610
06489         C1999 05 30.00285 17 53 29.40 +04 14 49.4                za5428610
06489         C1999 05 30.00703 17 53 34.42 +04 15 17.5                za5428610
06489         C1999 06 02.03012 19 03 03.81 +10 04 45.6          15.2 Rca5428118
06489         C1999 06 02.03295 19 03 07.89 +10 05 05.2                ca5428118
06489         C1999 06 02.03538 19 03 11.35 +10 05 22.0                ca5428118
06489         C1999 06 04.01949 19 52 58.01 +13 34 51.5                ca5428118
06489         C1999 06 04.02171 19 53 01.33 +13 35 04.2                ca5428118
06489         C1999 06 04.02450 19 53 05.28 +13 35 19.8                ca5428118
06489         C1999 06 04.91955 20 15 16.45 +14 54 31.6          15.3 Rza5428151
06489         C1999 06 04.92252 20 15 20.74 +14 54 45.6          15.4 Rza5428151
06489         C1999 06 04.92490 20 15 24.20 +14 54 58.1          15.3 Rza5428151
06489         C1999 06 04.92924 20 15 30.41 +14 55 19.9          14.8 Rza5428151
06489         C1999 06 04.93056 20 15 32.33 +14 55 26.9          15.0 Rza5428151
06489         C1999 06 08.98500 21 42 24.73 +18 35 21.4          14.7 Vza5428610
06489         C1999 06 08.98860 21 42 28.53 +18 35 28.5                za5428610
06489         C1999 06 08.99219 21 42 32.32 +18 35 35.5                za5428610
06489         C1999 06 08.99578 21 42 36.10 +18 35 42.6                za5428610
06489         C1999 06 08.99936 21 42 39.89 +18 35 49.7                za5428610
06489         C1999 06 20.04987 23 40 35.98 +19 21 13.7          17.6 Rza5428151
06489         C1999 06 20.05968 23 40 39.46 +19 21 11.3          17.3 Rza5428151
06489         C1999 06 20.06161 23 40 40.00 +19 21 11.2          17.6 Rza5428151
06489         C1999 07 23.36437 00 58 07.75 +16 52 43.1          19.3  aa5781704
06489         C1999 07 23.37695 00 58 08.09 +16 52 38.8          19.7  aa5781704
06489         C1999 07 23.38948 00 58 08.53 +16 52 35.8          19.4  aa5781704
06489         C1999 07 23.40199 00 58 08.85 +16 52 32.4          19.5  aa5781704
06489         C1999 07 23.41454 00 58 09.22 +16 52 29.1          19.4  aa5781704
06489         C1999 07 23.41666 00 58 09.51 +16 52 22.3          18.1 R a9632848
06489         C1999 07 23.42722 00 58 09.84 +16 52 18.9          18.0 R a9632848
06489         C1999 07 23.44345 00 58 10.26 +16 52 14.2          18.5 R a9632848
06489         C1999 09 05.25432 00 33 01.05 +09 12 54.4          18.1 Vza6525706
06489         C1999 09 05.26866 00 32 59.90 +09 12 42.9          17.9 Vza6525706
06489         C1999 09 07.40185 00 30 00.46 +08 39 57.8          18.8  aa6525704
06489         C1999 09 07.41327 00 29 59.43 +08 39 47.0          19.6  aa6525704
06489         C1999 09 07.42465 00 29 58.34 +08 39 36.1          19.7  aa6525704
06489         C1999 09 07.43603 00 29 57.30 +08 39 24.7          19.9  aa6525704
06489         C1999 09 07.44734 00 29 56.34 +08 39 15.5          19.2  aa6525704
06489         C1999 09 08.32419 00 28 43.70 +08 25 44.5          18.8 Rca6525699
06489         C1999 09 08.34081 00 28 42.09 +08 25 28.8          16.9  aa6525704
06489         C1999 09 08.35443 00 28 40.80 +08 25 16.8          17.4  aa6525704
06489         C1999 09 08.35484 00 28 40.79 +08 25 17.0                ca6525699
06489         C1999 09 08.36799 00 28 39.52 +08 25 03.8          17.4  aa6525704
06489         C1999 09 08.38170 00 28 38.29 +08 24 50.6          16.9  aa6525704
06489         C1999 09 09.33546 00 27 18.60 +08 10 09.2          18.9  aa6525704
06489         C1999 09 09.34944 00 27 17.36 +08 09 56.1          19.4  aa6525704
06489         C1999 09 09.36340 00 27 16.04 +08 09 43.3          19.5  aa6525704
06489         C1999 09 09.37772 00 27 14.79 +08 09 29.7          18.6  aa6525704
06489         C1999 09 15.33080 00 19 04.89 +06 39 06.9                za7629711
06489         C1999 10 02.14880 00 00 30.15 +03 02 21.5          18.7 Vca7115715
06489         C1999 10 02.15549 00 00 29.82 +03 02 17.5          19.0 Vca7116715
06489         C1999 10 02.16458 00 00 29.43 +03 02 11.0          18.9 Vca7116715
06489         C1999 10 06.23597 23 57 26.23 +02 22 35.0          19.8  aa7116704
06489         C1999 10 06.24915 23 57 25.65 +02 22 28.4          19.7  aa7116704
06489         C1999 10 06.26235 23 57 25.01 +02 22 21.1          19.7  aa7116704
06489         C1999 10 06.27553 23 57 24.44 +02 22 13.2          19.3  aa7116704
06489         C1999 10 06.28873 23 57 23.84 +02 22 05.8          19.4  aa7116704
06489         C1999 10 09.17404 23 55 38.34 +01 57 31.4          18.7  aa7116704
06489         C1999 10 09.19015 23 55 37.70 +01 57 23.8          19.5  aa7116704
06489         C1999 10 09.22105 23 55 36.59 +01 57 09.1          19.3  aa7116704
06489         C1999 10 09.23649 23 55 35.97 +01 57 00.9          19.7  aa7116704
06489         C1999 10 10.15704 23 55 06.91 +01 49 48.9                ca7116715
06489         C1999 10 10.17387 23 55 06.12 +01 49 41.9                ca7116715
06489         C1999 10 14.24799 23 53 18.76 +01 21 18.7                za7629711
06489         C2003 04 07.37011 14 53 38.10 -17 29 05.9          18.3  ch6751704
06489         C2003 04 07.38245 14 53 39.47 -17 29 08.4          18.9  ch6751704
06489         C2003 04 07.39459 14 53 40.68 -17 29 11.0          18.5  ch6751704
06489         C2003 04 07.40672 14 53 41.97 -17 29 12.4          18.0  ch6751704
06489         C2003 04 07.41889 14 53 43.27 -17 29 16.5          18.5  ch6751704
06489         C2003 04 26.53743 15 48 04.64 -17 56 43.1          15.7 Rcr1485608
06489         C2003 04 26.54830 15 48 07.35 -17 56 41.7          15.7 Rcr1485608
06489         C2003 04 26.55922 15 48 10.07 -17 56 40.2          15.8 Rcr1485608
06489         C2003 04 27.73472 15 53 34.65 -17 54 10.6          17.4 V h8726300
06489         C2003 04 27.73637 15 53 35.13 -17 54 10.6          17.9 V h8726300
06489         C2003 04 27.73800 15 53 35.66 -17 54 10.5          17.9 V h8726300
06489         C2003 04 27.73964 15 53 36.06 -17 54 11.1          17.7 V h8726300
06489         C2003 04 27.74127 15 53 36.40 -17 54 08.5          17.9 V h8726300
06489         C2003 04 27.74291 15 53 36.82 -17 54 09.8          17.8 V h8726300
06489        7C2003 04 28.28160 15 56 16.00 -17 52 37.5                oi0528696
06489        7C2003 04 28.28259 15 56 16.28 -17 52 37.3                oi0528696
06489        7C2003 04 28.28327 15 56 16.47 -17 52 37.3                oi0528696
06489        7C2003 04 28.28395 15 56 16.66 -17 52 37.1                oi0528696
06489        7C2003 04 28.28462 15 56 16.85 -17 52 37.0                oi0528696
06489        7C2003 04 28.28530 15 56 17.05 -17 52 36.9                oi0528696
06489        7C2003 04 28.28597 15 56 17.23 -17 52 36.8                oi0528696
06489         C2003 04 29.32642 16 01 35.13 -17 49 02.9          16.7  ch8726704
06489         C2003 04 29.33856 16 01 38.79 -17 49 00.5          17.0  ch8726704
06489         C2003 04 29.35050 16 01 42.35 -17 48 57.5          17.1  ch8726704
06489         C2003 04 29.36253 16 01 45.99 -17 48 55.5          17.4  ch8726704
06489         C2003 04 29.37445 16 01 49.59 -17 48 52.4          17.2  ch8726704
06489         C2003 04 29.51443 16 02 36.567-17 47 26.89         16.2 Reh8726422
06489         C2003 04 29.52190 16 02 38.854-17 47 25.33         16.5 Reh8726422
06489         C2003 04 29.52262 16 02 39.085-17 47 25.30         16.4 Reh8726422
06489         C2003 04 29.53102 16 02 41.674-17 47 23.59         16.2 Reh8726422
06489         C2003 04 29.53179 16 02 41.915-17 47 23.50         16.5 Reh8726422
06489         C2003 04 29.53521 16 02 42.958-17 47 22.88         16.2 Reh8726422
06489         C2003 04 29.53684 16 02 43.467-17 47 22.58         16.4 Reh8726422
06489         C2003 04 29.53774 16 02 43.730-17 47 22.37         16.1 Reh8726422
06489         C2003 04 30.32065 16 07 00.83 -17 44 41.1          15.9  ch8726704
06489         C2003 04 30.33259 16 07 04.66 -17 44 37.6          16.3  ch8726704
06489         C2003 04 30.34476 16 07 08.58 -17 44 34.3          16.4  ch8726704
06489         C2003 04 30.35660 16 07 12.38 -17 44 30.8          16.6  ch8726704
06489         C2003 04 30.36846 16 07 16.19 -17 44 27.3          16.8  ch8726704
06489         C2003 04 30.58681 16 08 32.029-17 42 31.60         16.4 Reh8726422
06489         C2003 04 30.58742 16 08 32.236-17 42 31.34         16.6 Reh8726422
06489         C2003 04 30.58876 16 08 32.684-17 42 31.14         16.0 Reh8726422
06489         C2003 04 30.59005 16 08 33.098-17 42 30.80         16.2 Reh8726422
06489         C2003 04 30.59968 16 08 36.245-17 42 28.10         16.3 Reh8726422
06489         C2003 04 30.60377 16 08 37.583-17 42 26.77         16.1 Reh8726422
06489         C2003 04 30.60458 16 08 37.850-17 42 26.58         16.4 Reh8726422
06489         C2003 04 30.60594 16 08 38.291-17 42 26.14         16.3 Reh8726422
06489         C2003 04 30.60656 16 08 38.504-17 42 25.95         16.2 Reh8726422
06489         C2003 04 30.60718 16 08 38.697-17 42 25.80         16.4 Reh8726422
06489         C2003 04 30.64972 16 08 53.41 -17 43 01.9          17.3 V h8727300
06489         C2003 04 30.65299 16 08 54.44 -17 43 01.4          17.9 V h8727300
06489         C2003 04 30.65463 16 08 55.06 -17 42 59.7          17.4 V h8727300
06489         C2003 04 30.65626 16 08 55.65 -17 43 00.5          17.8 V h8727300
06489         C2003 05 01.32052 16 12 50.91 -17 39 16.3          16.0  ch8727704
06489         C2003 05 01.33259 16 12 55.04 -17 39 12.1          16.3  ch8727704
06489         C2003 05 01.34449 16 12 59.15 -17 39 07.9          16.4  ch8727704
06489         C2003 05 01.35646 16 13 03.29 -17 39 03.7          16.6  ch8727704
06489         C2003 05 01.36839 16 13 07.40 -17 38 59.0          17.1  ch8727704
06489         C2003 05 03.17082 16 24 47.48 -17 25 46.0          15.8   h8727H72
06489         C2003 05 03.17267 16 24 48.17 -17 25 45.1          15.8   h8727H72
06489         C2003 05 03.17451 16 24 48.91 -17 25 44.2          15.7   h8727H72
06489         C2003 05 03.17637 16 24 49.70 -17 25 43.3          15.8   h8727H72
06489         C2003 05 03.17822 16 24 50.38 -17 25 42.5          15.7   h8727H72
06489         C2003 05 03.18006 16 24 51.14 -17 25 41.9          15.8   h8727H72
06489         C2003 05 03.18191 16 24 51.87 -17 25 40.8          15.8   h8727H72
06489         C2003 05 03.36421 16 26 03.90 -17 24 07.7          17.2   h8727H72
06489         C2003 05 03.36606 16 26 04.69 -17 24 06.2          17.5   h8727H72
06489         C2003 05 03.36791 16 26 05.39 -17 24 06.0          17.2   h8727H72
06489         C2003 05 03.36976 16 26 06.03 -17 24 04.6          17.3   h8727H72
06489         C2003 05 03.37161 16 26 06.85 -17 24 03.8          17.3   h8727H72
06489         C2003 05 03.37345 16 26 07.55 -17 24 02.8          17.4   h8727H72
06489         C2003 05 03.37530 16 26 08.27 -17 24 01.6          17.4   h8727H72
06489         C2003 05 04.09997 16 31 20.24 -17 17 17.0                dh8727170
06489         C2003 05 04.10172 16 31 20.96 -17 17 16.3          15.7 Rdh8727170
06489         C2003 05 04.10262 16 31 21.35 -17 17 15.8          15.2 Rdh8727170
06489         C2003 05 04.10348 16 31 21.72 -17 17 15.3          15.6 Rdh8727170
06489         C2003 05 04.10527 16 31 22.48 -17 17 13.8          15.2 Rdh8727170
06489         C2003 05 04.17023 16 31 52.39 -17 15 44.4          17.5 Rmh8727859
06489         C2003 05 04.17126 16 31 52.81 -17 15 44.0          17.4 Rmh8727859
06489         C2003 05 04.17226 16 31 53.05 -17 15 43.1          19.1 Rmh8727859
06489         C2003 05 04.18426 16 32 00.37 -17 16 14.5          16.8   h8727H72
06489         C2003 05 04.18579 16 32 01.11 -17 16 13.5          16.7   h8727H72
06489         C2003 05 04.18781 16 32 01.93 -17 16 12.6          16.8   h8727H72
06489         C2003 05 04.18909 16 32 02.48 -17 16 11.8          16.8   h8727H72
06489         C2003 05 04.19035 16 32 03.08 -17 16 11.1          16.9   h8727H72
06489         C2003 05 04.19289 16 32 04.10 -17 16 09.7          16.5   h8727H72
06489         C2003 05 04.34060 16 33 06.76 -17 14 40.3          16.9   h8727H72
06489         C2003 05 04.34209 16 33 07.45 -17 14 39.1          16.9   h8727H72
06489         C2003 05 04.34360 16 33 08.08 -17 14 38.1          16.9   h8727H72
06489         C2003 05 04.34840 16 33 10.09 -17 14 35.0          16.8   h8727H72
06489         C2003 05 04.34991 16 33 10.71 -17 14 33.1          15.3   h8727H72
06489         C2003 05 04.55624 16 34 47.05 -17 11 19.0          15.3 Rch8727E14
06489         C2003 05 04.55985 16 34 48.64 -17 11 16.9          15.4 Rch8727E14
06489         C2003 05 04.56346 16 34 50.22 -17 11 14.5          15.2 Rch8727E14
06489         C2003 05 05.39233 16 41 16.88 -17 02 29.2          16.9 Rch8727704
06489         C2003 05 05.40649 16 41 23.44 -17 02 17.7          16.8 Rch8727704
06489         C2003 05 05.41910 16 41 29.25 -17 02 08.5          16.7 Rch8727704
06489         C2003 05 05.43147 16 41 34.99 -17 01 58.8          16.9 Rch8727704
06489         C2003 05 05.44400 16 41 40.83 -17 01 49.3          16.5 Rch8727704
06489         C2003 05 06.29684 16 48 49.43 -16 49 56.7          17.3   i0528H72
06489         C2003 05 06.29891 16 48 50.48 -16 49 55.0          17.2   i0528H72
06489         C2003 05 06.30042 16 48 51.19 -16 49 53.7          17.2   i0528H72
06489         C2003 05 06.30192 16 48 51.92 -16 49 52.2          17.1   i0528H72
06489         C2003 05 06.30341 16 48 52.66 -16 49 51.0          17.2   i0528H72
06489         C2003 05 06.30492 16 48 53.38 -16 49 49.6          17.2   i0528H72
06489         C2003 05 07.32596 16 58 02.40 -16 33 19.8          15.3  ci0528704
06489         C2003 05 07.33804 16 58 08.86 -16 33 07.4          15.7  ci0528704
06489         C2003 05 07.34967 16 58 15.02 -16 32 55.4          15.6  ci0528704
06489         C2003 05 07.37317 16 58 27.58 -16 32 30.3          16.5  ci0528704
06489         C2003 05 08.23382 17 06 45.68 -16 15 52.5          15.3  ci0528H72
06489         C2003 05 08.23497 17 06 46.25 -16 15 51.6          15.4  ci0528H72
06489         C2003 05 08.23612 17 06 46.96 -16 15 50.3          17.0  ci0528H72
06489         C2003 05 08.23728 17 06 47.53 -16 15 48.9          16.9  ci0528H72
06489         C2003 05 08.23843 17 06 48.31 -16 15 48.1          15.2  ci0528H72
06489         C2003 05 08.32017 17 07 36.61 -16 14 12.2          15.5  ci0528704
06489         C2003 05 08.33164 17 07 43.23 -16 13 58.4          15.7  ci0528704
06489         C2003 05 08.33651 17 07 46.04 -16 13 52.7          15.8  ci0528704
06489         C2003 05 08.34321 17 07 49.99 -16 13 44.6          16.1  ci0528704
06489         C2003 05 08.34813 17 07 52.71 -16 13 38.5          15.7  ci0528704
06489         C2003 05 08.35503 17 07 56.69 -16 13 29.7          15.7  ci0528704
06489         C2003 05 08.36103 17 08 00.15 -16 13 22.7          15.8  ci0528704
06489         C2003 05 08.36767 17 08 03.96 -16 13 14.0          15.6  ci0528704
06489         C2003 05 08.37252 17 08 06.78 -16 13 08.5          15.8  ci0528704
06489         C2003 05 10.08068 17 26 17.97 -15 32 06.6                di0528170
06489         C2003 05 10.08233 17 26 19.06 -15 32 04.1                di0528170
06489         C2003 05 10.08315 17 26 19.53 -15 32 01.9                di0528170
06489         C2003 05 10.08523 17 26 20.97 -15 31 58.8                di0528170
06489         C2003 05 10.08605 17 26 21.45 -15 31 57.4                di0528170
06489         C2003 05 11.20495 17 39 30.80 -14 57 20.2          18.8 Rmi0528859
06489         C2003 05 11.20567 17 39 31.48 -14 57 19.3          16.2 Rmi0528859
06489         C2003 05 11.20635 17 39 31.97 -14 57 17.1          18.5 Rmi0528859
06489        1C2003 05 15.42055318 38 04.462-11 54 13.09               gi0528673
06489        1C2003 05 15.42286518 38 06.561-11 54 05.43               gi0528673
06489        1C2003 05 15.42515418 38 08.643-11 53 57.43               gi0528673
06489        1C2003 05 16.41766018 53 49.740-10 55 38.61               gi0528673
06489        1C2003 05 16.41833118 53 50.346-10 55 35.96               gi0528673
06489        1C2003 05 16.41892818 53 50.912-10 55 33.82               gi0528673
06489        1C2003 05 16.41954618 53 51.497-10 55 31.62               gi0528673
06489        1C2003 05 16.42102718 53 52.895-10 55 26.09               gi0528673
06489        1C2003 05 16.42286818 53 54.609-10 55 19.36               gi0528673
06489        1C2003 05 16.42370718 53 55.386-10 55 16.29               gi0528673
06489         C2003 05 18.27203 19 24 27.35 -08 50 46.3          17.7 Rmi0528859
06489         C2003 05 18.27293 19 24 28.26 -08 50 42.6          18.6 Rmi0528859
06489         C2003 05 18.27383 19 24 28.84 -08 50 39.1          19.2 Rmi0528859
06489         C2003 05 21.27936 20 15 44.35 -05 03 00.6          15.7 Rci0528649
06489         C2003 05 21.28056 20 15 45.55 -05 02 54.7          15.8 Rci0528649
06489         C2003 05 21.28177 20 15 46.75 -05 02 48.9          15.8 Rci0528649
06489         C2003 05 22.65437 20 38 39.844-03 12 06.77         16.4 R i0528422
06489         C2003 05 22.65518 20 38 40.604-03 12 02.85         16.6 R i0528422
06489         C2003 05 22.65649 20 38 41.849-03 11 56.85         16.6 R i0528422
06489         C2003 05 22.65839 20 38 43.667-03 11 47.56         16.9 R i0528422
06489         C2003 05 22.65909 20 38 44.351-03 11 44.53         16.9 R i0528422
06489         C2003 05 22.65985 20 38 45.081-03 11 40.97         16.8 R i0528422
06489         C2003 05 22.66076 20 38 45.984-03 11 36.45         16.8 R i0528422
06489         C2003 05 22.66163 20 38 46.808-03 11 32.14         16.6 R i0528422
06489         C2003 05 28.75470 22 06 24.68 +03 53 14.9          15.6 V i0528379
06489         C2003 05 28.75644 22 06 26.03 +03 53 21.2                 i0528379
06489         C2003 08 24.33569 01 40 08.07 +15 09 32.6          19.1  ci3599704
06489         C2003 08 24.34852 01 40 07.35 +15 09 28.2          19.1  ci3599704
06489         C2003 08 24.36093 01 40 06.67 +15 09 21.4          19.3  ci3599704
06489         C2003 08 24.37429 01 40 05.98 +15 09 15.4          18.9  ci3599704
06489         C2003 08 25.38744 01 39 16.16 +15 00 55.8          19.2  ci3599704
06489         C2003 08 25.39957 01 39 15.43 +15 00 51.2          19.2  ci3599704
06489         C2003 08 25.41169 01 39 14.75 +15 00 45.3          19.0  ci3599704
06489         C2003 08 28.32363 01 36 34.20 +14 34 55.0          19.2  ci3599704
06489         C2003 08 28.33710 01 36 33.32 +14 34 47.6          19.5  ci3599704
06489         C2003 08 28.34973 01 36 32.48 +14 34 39.2          19.9  ci3599704
06489         C2003 08 28.36207 01 36 31.61 +14 34 34.6          19.9  ci3599704
06489         C2003 08 28.37493 01 36 30.85 +14 34 26.0          19.5  ci3599704
06489         C2003 08 28.39704 01 36 29.23 +14 34 15.0          20.1  ci3599704
06489         C2003 08 28.41273 01 36 28.18 +14 34 04.2          20.3  ci3599704
06489         C2003 08 28.42760 01 36 27.30 +14 33 58.3          20.0  ci3599704
06489         C2003 08 28.44141 01 36 26.36 +14 33 50.4          20.8  ci3599704
06489         C2003 09 04.31688 01 28 28.49 +13 21 55.5          19.0  ci4220704
06489         C2003 09 04.32941 01 28 27.36 +13 21 47.1          19.5  ci4220704
06489         C2003 09 04.34192 01 28 26.31 +13 21 37.5          19.3  ci4220704
06489         C2003 09 04.35452 01 28 25.29 +13 21 29.1          19.8  ci4220704
06489         C2003 09 04.36719 01 28 24.20 +13 21 20.6          19.7  ci4220704
06489         C2003 09 17.29354 01 09 21.54 +10 35 53.7          18.7  ci4681644
06489         C2003 09 17.29778 01 09 21.19 +10 35 50.4          18.8  ci4681644
06489         C2003 09 17.31685 01 09 19.23 +10 35 35.0          19.1  ci4681644
06489         C2003 09 17.32600 01 09 18.38 +10 35 27.4          18.9  ci4681644
06489         C2003 09 17.36000 01 09 14.99 +10 34 59.6          18.8  ci4681644
06489         C2003 09 17.36823 01 09 14.14 +10 34 52.9          18.7  ci4681644
06489         C2003 09 19.38502 01 06 02.90 +10 07 07.7          18.9 Roi5623699
06489         C2003 09 19.39826 01 06 01.62 +10 06 56.3                oi5623699
06489         C2003 09 19.41160 01 06 00.23 +10 06 45.9                oi5623699
06489         C2003 09 19.42484 01 05 58.84 +10 06 34.6                oi5623699
06489         C2003 10 20.18177 00 27 56.39 +04 13 41.4          20.8 Vci8483691
06489        IC2003 10 20.20907 00 27 55.18 +04 13 30.5          21.8 Vci8483691
06489         C2003 10 20.23720 00 27 53.88 +04 13 16.8          21.1 Vci8483691
06489         C2007 09 14.40564 02 19 52.64 +15 38 57.4          20.1 Vrv6671G96
06489         C2007 09 14.41123 02 19 52.28 +15 38 55.0          19.8 Vrv6671G96
06489         C2007 09 14.41700 02 19 51.88 +15 38 52.5          19.4 Vrv6671G96
06489         C2007 09 14.42256 02 19 51.52 +15 38 50.0          19.7 Vrv6671G96
06489         C2007 09 14.50426 02 19 45.94 +15 38 14.4          20.3 Vrv6671G96
06489         C2007 09 14.50615 02 19 45.84 +15 38 13.4          20.2 Vrv6671G96
06489         C2007 09 14.50803 02 19 45.69 +15 38 12.9          20.1 Vrv6671G96
06489         C2007 09 14.50991 02 19 45.51 +15 38 11.8          19.4 Vrv6671G96
06489         C2007 09 20.33034 02 12 53.67 +14 52 03.1          20.2 Vrv6671703
06489         C2007 09 20.33745 02 12 53.02 +14 52 00.5          20.1 Vrv6671703
06489         C2007 09 20.34460 02 12 52.48 +14 51 56.1          21.0 Vrv6671703
06489         C2007 09 20.35175 02 12 51.91 +14 51 53.4          20.0 Vrv6671703
06489         C2007 10 04.24965 01 52 42.06 +12 35 59.4                ov8189691
06489         C2007 10 04.26728 01 52 40.39 +12 35 49.4                ov8189691
06489         C2007 10 04.28489 01 52 38.71 +12 35 37.6                ov8189691
06489         C2007 10 18.30909 01 31 42.06 +10 08 27.9          20.1 Vrw1007G96
06489         C2007 10 18.31692 01 31 41.41 +10 08 23.2          20.1 Vrw1007G96
06489         C2007 10 18.32471 01 31 40.72 +10 08 18.8          19.6 Vrw1007G96
06489         C2007 10 18.33256 01 31 40.04 +10 08 13.9          19.6 Vrw1007G96
06489         C2007 10 30.28329 01 17 25.33 +08 22 43.5          20.8 Vrw4001G96
06489         C2007 10 30.28889 01 17 24.93 +08 22 41.9          21.0 Vrw4001G96
06489         C2007 10 30.29436 01 17 24.64 +08 22 38.7          21.0 Vrw4001G96
06489         C2007 10 30.29992 01 17 24.28 +08 22 36.4          20.8 Vrw4001G96
06489        HC2007 10 31.09053 01 16 38.43 +08 16 41.9          20.8 Vow4001691
06489        HC2007 10 31.10913 01 16 37.34 +08 16 34.5          21.0 Vow4001691
06489        HC2007 10 31.12771 01 16 36.26 +08 16 26.4          21.0 Vow4001691
06489        HC2007 11 02.07665 01 14 48.24 +08 02 31.2                ow5360691
06489        HC2007 11 02.09530 01 14 47.29 +08 02 24.9          21.0 Vow5360691
06489        HC2007 11 02.11394 01 14 46.13 +08 02 15.6                ow5360691
06489         C2007 11 02.21941 01 14 40.27 +08 01 33.5          20.5 Vrw5360G96
06489         C2007 11 02.22707 01 14 39.84 +08 01 30.5          20.6 Vrw5360G96
06489         C2007 11 02.23483 01 14 39.44 +08 01 27.1          20.5 Vrw5360G96
06489         C2007 11 02.24247 01 14 38.97 +08 01 24.0          20.4 Vrw5360G96
06489        HC2007 11 04.08881 01 13 05.32 +07 49 09.2                ow5360691
06489        HC2007 11 04.10722 01 13 04.39 +07 49 02.9          21.0 Vow5360691
06489        HC2007 11 04.12564 01 13 03.48 +07 48 55.0                ow5360691
06489         C2007 11 05.23799 01 12 10.29 +07 41 58.6          20.6 Vrw5360G96
06489         C2007 11 05.24358 01 12 10.00 +07 41 56.5          20.0 Vrw5360G96
06489         C2007 11 05.24918 01 12 09.79 +07 41 54.8          20.2 Vrw5360G96
06489         C2007 11 05.25478 01 12 09.50 +07 41 52.8          20.9 Vrw5360G96
06489        HC2007 11 06.10017 01 11 31.58 +07 36 48.6                ow5360691
06489        HC2007 11 06.12400 01 11 30.52 +07 36 40.7          21.4 Vow5360691
06489         C2011 09 20.45656 02 50 56.94 +17 06 13.8          20.9 Vr~0YC3G96
06489         C2011 09 20.46294 02 50 56.58 +17 06 10.6          21.0 Vr~0YC3G96
06489         C2011 09 20.46933 02 50 56.18 +17 06 08.8          20.8 Vr~0YC3G96
06489         C2011 09 20.47572 02 50 55.82 +17 06 07.2          20.8 Vr~0YC3G96
06489         C2011 09 28.43167 02 42 31.32 +16 17 01.3          21.1 Vr~0YcNG96
06489         C2011 09 28.43802 02 42 30.81 +16 16 58.6          20.9 Vr~0YcNG96
06489         C2011 09 28.44434 02 42 30.31 +16 16 56.1          20.6 Vr~0YcNG96
06489         C2011 10 30.32506 01 57 59.94 +11 49 18.4          20.6 Vr~0a65G96
06489         C2011 10 30.33200 01 57 59.36 +11 49 15.2          21.3 Vr~0a65G96
06489         C2011 10 30.33896 01 57 58.82 +11 49 11.8          21.4 Vr~0a65G96
06489         C2011 10 30.34589 01 57 58.28 +11 49 08.4          21.1 Vr~0a65G96
06489         C2015 10 08.42858 03 13 12.358+17 34 34.70         21.7 wL~1XzcF51
06489         C2015 10 08.44039 03 13 11.494+17 34 30.60         21.5 wL~1XzcF51
06489         C2015 10 08.45216 03 13 10.599+17 34 26.72         21.9 wL~1XzcF51
06489         C2015 10 08.46392 03 13 09.742+17 34 22.50         21.8 wL~1XzcF51
06489         C2015 10 09.42535 03 12 00.240+17 28 39.19         21.6 wL~1XzcF51
06489         C2015 10 09.43711 03 11 59.346+17 28 35.02         21.5 wL~1XzcF51
06489         C2015 10 09.44891 03 11 58.464+17 28 30.80         21.6 wL~1XzcF51
06489         C2015 10 09.46073 03 11 57.560+17 28 26.57         21.6 wL~1XzcF51
06489         C2015 10 13.39811 03 06 57.65 +17 03 45.1          21.9 Vq~1YnTG96
06489         C2015 10 13.40421 03 06 57.16 +17 03 42.8          21.8 Vq~1YnTG96
06489         C2015 10 13.41030 03 06 56.68 +17 03 40.6          22.1 Vq~1YnTG96
06489         C2015 10 13.41640 03 06 56.22 +17 03 38.1          22.0 Vq~1YnTG96
06489        KC2015 10 16.30302103 03 04.15 +16 44 23.0          22.2 Vu~1cRGH21
06489        KC2015 10 16.31440703 03 03.21 +16 44 18.8          22.5 Vu~1cRGH21
06489        KC2015 10 16.32598903 03 02.23 +16 44 13.8          22.1 Vu~1cRGH21
06489        KC2015 11 02.26793602 39 05.64 +14 41 22.0          22.1 Vu~1bUyH21
06489        KC2015 11 02.27807402 39 04.77 +14 41 17.6          21.8 Vu~1bUyH21
06489        KC2015 11 02.29125102 39 03.64 +14 41 11.7          22.0 Vu~1bUyH21
06489         C2015 11 03.33695 02 37 37.54 +14 33 35.6          21.4 Vq~1bUyG96
06489         C2015 11 03.34201 02 37 37.13 +14 33 33.3          21.3 Vq~1bUyG96
06489         C2015 11 03.34707 02 37 36.69 +14 33 31.0          21.2 Vq~1bUyG96
06489         C2015 11 03.35213 02 37 36.26 +14 33 28.9          22.3 Vq~1bUyG96
