q3599K03R00M* C2003 09 02.45311 20 46 57.36 -21 06 17.9          19.4  ci4160608
q3599K03R00M  C2003 09 02.46352 20 46 59.16 -21 05 35.1          19.6  ci4160608
q3599K03R00M  C2003 09 02.47408 20 47 01.01 -21 04 52.1          19.2  ci4160608
q3599K03R00M  C2003 09 02.88105 20 48 18.10 -20 37 49.9                di4160557
q3599K03R00M  C2003 09 02.88204 20 48 18.27 -20 37 46.1                di4160557
q3599K03R00M  C2003 09 02.88303 20 48 18.47 -20 37 42.5                di4160557
q3599K03R00M  C2003 09 02.88402 20 48 18.62 -20 37 38.8                di4160557
q3599K03R00M  C2003 09 02.88501 20 48 18.77 -20 37 34.5                di4160557
q3599K03R00M 5C2003 09 03.19919 20 49 17.03 -20 16 41.8          18.5 Rci4160673
q3599K03R00M 5C2003 09 03.20856 20 49 18.62 -20 16 04.7          18.5 Rci4160673
q3599K03R00M 5C2003 09 03.21956 20 49 20.49 -20 15 21.4          18.5 Rci4160673
q3599K03R00M  C2003 09 03.22625 20 49 20.83 -20 14 56.3          17.8 Rci4160649
q3599K03R00M  C2003 09 03.23421 20 49 22.19 -20 14 24.9          17.9 Rci4160649
q3599K03R00M  C2003 09 03.23598 20 49 22.49 -20 14 17.4          17.8 Rci4160649
q3599K03R00M  C2003 09 03.23776 20 49 22.79 -20 14 10.6          17.7 Rci4160649
q3599K03R00M  C2003 09 03.39799 20 49 53.78 -20 03 03.3          18.3 Vri4160428
q3599K03R00M  C2003 09 03.40035 20 49 54.25 -20 02 52.9          18.2 Vri4160428
q3599K03R00M  C2003 09 03.40272 20 49 54.65 -20 02 44.5          18.5 Vri4160428
q3599K03R00M  C2003 09 05.30386 20 55 28.73 -18 02 20.0          20.2  ci4160608
q3599K03R00M  C2003 09 05.31409 20 55 30.31 -18 01 42.5          19.4  ci4160608
q3599K03R00M  C2003 09 05.32485 20 55 32.00 -18 01 03.1          19.2  ci4160608
q3599K03R00M 1C2003 09 05.49206 20 56 00.341-17 50 16.66         18.5 Rri4160413
q3599K03R00M 1C2003 09 05.49367 20 56 00.603-17 50 10.61         18.5 Rri4160413
q3599K03R00M 1C2003 09 05.49530 20 56 00.854-17 50 04.55         18.5 Rri4160413
q3599K03R00M  C2003 09 06.03619 20 57 32.11 -17 17 19.5          18.3 Rdi4593859
q3599K03R00M  C2003 09 06.03774 20 57 32.18 -17 17 14.4          17.9 Rdi4593859
q3599K03R00M  C2003 09 06.03932 20 57 32.46 -17 17 09.6          18.5 Rdi4593859
q3599K03R00M  C2003 09 08.18097 21 03 20.74 -15 13 15.1          19.4 Rri4160448
q3599K03R00M  C2003 09 08.19051 21 03 22.16 -15 12 43.3          19.8 Rri4160448
q3599K03R00M  C2003 09 08.19952 21 03 23.45 -15 12 13.1          18.6 Rri4160448
q3599K03R00M  C2003 09 11.45662 21 11 35.20 -12 19 51.6          18.2 R i4593474
q3599K03R00M  C2003 09 11.45801 21 11 35.37 -12 19 47.6          18.2 R i4593474
q3599K03R00M  C2003 09 11.45894 21 11 35.50 -12 19 45.0          18.1 R i4593474
q3599K03R00M  C2003 09 11.46032 21 11 35.68 -12 19 40.9          18.0 R i4593474
q3599K03R00M  C2003 09 11.46461 21 11 36.27 -12 19 28.0          18.1 R i4593474
q3599K03R00M  C2003 09 13.19338 21 15 42.05 -10 57 02.5          18.7 Rri4593448
q3599K03R00M  C2003 09 13.20439 21 15 43.43 -10 56 31.6          18.9 Rri4593448
q3599K03R00M  C2003 09 13.21857 21 15 45.27 -10 55 53.1          19.2 Rri4593448
q3599K03R00M  C2003 09 14.22296 21 18 03.29 -10 10 07.6          19.1 Rri4593448
q3599K03R00M  C2003 09 14.22877 21 18 04.01 -10 09 52.1          18.8 Rri4593448
q3599K03R00M  C2003 09 14.23214 21 18 04.44 -10 09 43.1          18.9 Rri4593448
q3599K03R00M  C2003 09 14.84498 21 19 27.99 -09 42 43.9          19.8 Rri4593170
q3599K03R00M  C2003 09 14.84796 21 19 28.35 -09 42 35.6          19.7 Rri4593170
q3599K03R00M  C2003 09 14.84839 21 19 28.40 -09 42 34.3          19.7 Rri4593170
q3599K03R00M 1C2003 09 15.47285 21 20 51.33 -09 15 08.8          18.8 Rri4593413
q3599K03R00M 1C2003 09 15.47736 21 20 51.89 -09 14 57.5          19.2 Rri4593413
q3599K03R00M  C2003 09 15.77584 21 21 31.75 -09 02 51.8                ci4593246
q3599K03R00M  C2003 09 15.77654 21 21 31.88 -09 02 50.5                ci4593246
q3599K03R00M  C2003 09 15.77743 21 21 31.96 -09 02 48.6                ci4593246
q3599K03R00M  C2003 09 15.77816 21 21 32.06 -09 02 46.7                ci4593246
q3599K03R00M  C2003 09 15.77891 21 21 32.13 -09 02 44.9                ci4593246
q3599K03R00M  C2003 09 15.77971 21 21 32.27 -09 02 42.3                ci4593246
q3599K03R00M  C2003 09 18.79513 21 27 57.35 -07 03 07.1                ci4593246
q3599K03R00M  C2003 09 18.79638 21 27 57.51 -07 03 04.4                ci4593246
q3599K03R00M  C2003 09 18.79816 21 27 57.70 -07 03 00.0                ci4593246
q3599K03R00M  C2003 09 18.80081 21 27 57.92 -07 02 55.8                ci4593246
q3599K03R00M  C2003 09 18.80152 21 27 58.00 -07 02 54.1                ci4593246
q3599K03R00M  C2003 09 20.78553 21 32 00.48 -05 51 37.3                ci5303246
q3599K03R00M  C2003 09 20.78764 21 32 00.71 -05 51 33.8                ci5303246
q3599K03R00M  C2003 09 20.78850 21 32 00.82 -05 51 31.2                ci5303246
q3599K03R00M  C2003 09 20.78979 21 32 00.97 -05 51 28.4                ci5303246
q3599K03R00M  C2003 09 20.79061 21 32 01.05 -05 51 26.8                ci5303246
q3599K03R00M  C2003 09 20.79187 21 32 01.23 -05 51 24.6                ci5303246
q3599K03R00M  C2003 09 25.79684 21 41 41.30 -03 14 37.2                ci5303246
q3599K03R00M  C2003 09 25.79780 21 41 41.47 -03 14 35.0                ci5303246
q3599K03R00M  C2003 09 25.80157 21 41 41.83 -03 14 28.3                ci5303246
q3599K03R00M  C2003 09 26.80633 21 43 34.01 -02 46 32.2                ci5303246
q3599K03R00M  C2003 09 26.80705 21 43 33.99 -02 46 30.9                ci5303246
q3599K03R00M  C2003 09 26.80794 21 43 34.05 -02 46 30.0                ci5303246
q3599K03R00M  C2003 09 26.80881 21 43 34.21 -02 46 28.5                ci5303246
q3599K03R00M  C2003 09 26.80950 21 43 34.27 -02 46 27.2                ci5303246
q3599K03R00M  C2003 09 26.81028 21 43 34.33 -02 46 25.8                ci5303246
q3599K03R00M  C2003 09 27.16408 21 44 13.63 -02 36 48.6          19.1 Roi6261699
q3599K03R00M  C2003 09 27.17744 21 44 14.83 -02 36 25.6                oi6261699
q3599K03R00M  C2003 09 27.19080 21 44 16.37 -02 36 03.7                oi6261699
q3599K03R00M  C2003 09 27.20411 21 44 17.63 -02 35 42.9                oi6261699
q3599K03R00M  C2003 09 29.12082 21 47 48.04 -01 46 03.7          20.1 Vci6970691
q3599K03R00M  C2003 09 29.15413 21 47 51.42 -01 45 13.9          20.1 Vci6970691
q3599K03R00M  C2003 09 29.18060 21 47 54.10 -01 44 34.3          20.1 Vci6970691
q3599K03R00M  C2003 10 18.08205 22 20 03.66 +03 59 22.4          20.7 Rri8083715
q3599K03R00M IC2003 10 18.09682 22 20 05.18 +03 59 35.9                ri8083715
q3599K03R00M IC2003 10 18.10916 22 20 06.13 +03 59 43.7                ri8083715
q3599K03R00M  C2003 10 19.08618 22 21 42.05 +04 12 30.0          20.5 Rri8083715
q3599K03R00M  C2003 10 19.09621 22 21 43.01 +04 12 38.0          20.8 Rri8083715
q3599K03R00M  C2003 10 19.10663 22 21 43.97 +04 12 45.9          20.8 Rri8083715
q3599K03R00M  C2008 06 24.69082 21 14 19.35 -68 13 08.9          19.0 Vrz1682E12
q3599        ZC2008 06 24.69083221 14 19.161-68 13 08.85         18.8 GV~59OGE12
q3599K03R00M  C2008 06 24.69935 21 14 22.99 -68 13 02.2          18.4 Vrz1682E12
q3599        ZC2008 06 24.69935321 14 23.253-68 13 01.29         18.7 GV~59OGE12
q3599K03R00M  C2008 06 24.70786 21 14 27.13 -68 12 52.4          18.9 Vrz1682E12
q3599        ZC2008 06 24.70786621 14 27.236-68 12 53.56         18.8 GV~59OGE12
q3599K03R00M  C2008 06 24.71641 21 14 31.30 -68 12 45.7          19.1 Vrz1682E12
q3599        ZC2008 06 24.71642321 14 31.308-68 12 46.09         19.0 GV~59OGE12
q3599K03R00M  C2008 06 25.68831 21 22 43.82 -67 56 40.5          18.5 Vrz1682E12
q3599        ZC2008 06 25.68831821 22 43.974-67 56 41.92         18.6 GV~59OGE12
q3599K03R00M  C2008 06 25.69794 21 22 48.46 -67 56 31.4          18.9 Vrz1682E12
q3599        ZC2008 06 25.69794721 22 48.471-67 56 31.71         18.7 GV~59OGE12
q3599K03R00M  C2008 06 25.70766 21 22 53.04 -67 56 21.6          19.1 Vrz1682E12
q3599        ZC2008 06 25.70767121 22 53.071-67 56 21.57         19.0 GV~59OGE12
q3599K03R00M  C2008 06 25.71733 21 22 57.39 -67 56 11.7          18.7 Vrz1682E12
q3599        ZC2008 06 25.71733521 22 57.434-67 56 12.03         18.3 GV~59OGE12
q3599K03R00M  C2008 08 04.57662 23 44 27.25 -27 40 14.9          19.3 Rrz3504E17
q3599K03R00M  C2008 08 04.58371 23 44 27.14 -27 39 39.6          19.4 Rrz3504E17
q3599K03R00M  C2008 08 04.59083 23 44 27.12 -27 39 11.3          19.3 Rrz3504E17
q3599K03R00M  C2008 08 04.64507 23 44 26.46 -27 34 43.9          19.3 Rrz3504E17
q3599K03R00M  C2008 08 04.65250 23 44 26.40 -27 34 11.2          19.6 Rrz3504E17
q3599K03R00M  C2008 08 04.65986 23 44 26.18 -27 33 34.8          19.5 Rrz3504E17
q3599K03R00M  C2008 08 16.23998 23 40 26.59 -12 46 06.6          17.9 Voz4323H55
q3599K03R00M  C2008 08 16.24290 23 40 26.46 -12 45 54.9          18.2 Voz4323H55
q3599K03R00M  C2008 08 16.24626 23 40 26.28 -12 45 41.2          18.1 Voz4323H55
q3599K03R00M  C2008 08 24.32778 23 34 07.38 -04 29 09.1          17.9  cz4438704
q3599K03R00M  C2008 08 24.34031 23 34 06.58 -04 28 28.9          18.1  cz4438704
q3599K03R00M  C2008 08 24.35284 23 34 05.73 -04 27 48.1          17.9  cz4438704
q3599K03R00M  C2008 08 24.36537 23 34 04.93 -04 27 07.6          18.0  cz4438704
q3599K03R00M  C2008 08 24.37789 23 34 04.09 -04 26 27.4          18.0  cz4438704
q3599K03R00M  C2008 08 26.03782 23 32 36.55 -02 59 59.0          17.4 Vrz4438J75
q3599K03R00M  C2008 08 26.05102 23 32 35.67 -02 59 19.0          17.5 Vrz4438J75
q3599K03R00M  C2008 08 26.06419 23 32 34.82 -02 58 39.4          17.4 Vrz4438J75
q3599K03R00M  C2008 08 27.03288 23 31 42.87 -02 10 38.1          17.4 Vrz4438J75
q3599K03R00M  C2008 08 27.04601 23 31 41.99 -02 09 59.6          17.4 Vrz4438J75
q3599K03R00M  C2008 08 27.05917 23 31 41.12 -02 09 21.3          17.4 Vrz4438J75
q3599K03R00M  C2008 08 28.04389 23 30 47.70 -01 22 24.4          17.5 Vrz4438J75
q3599K03R00M  C2008 08 28.05705 23 30 46.83 -01 21 47.2          17.6 Vrz4438J75
q3599K03R00M  C2008 08 28.07024 23 30 45.95 -01 21 10.4          17.3 Vrz4438J75
q3599K03R00M  C2008 08 28.95996 23 29 58.15 -00 40 23.6          17.5 Vrz4438A13
q3599K03R00M  C2008 08 28.98755 23 29 56.37 -00 39 09.4          17.7 Vrz4438A13
q3599K03R00M  C2008 08 29.90028 23 29 07.15 +00 01 09.0          17.9 Voz4438151
q3599K03R00M  C2008 08 29.90174 23 29 07.05 +00 01 12.7          18.1 Voz4438151
q3599K03R00M  C2008 08 29.90320 23 29 06.96 +00 01 16.3          18.2 Voz4438151
q3599K03R00M  C2008 08 29.90612 23 29 06.77 +00 01 23.9          18.0 Voz4438151
q3599K03R00M  C2008 08 29.90757 23 29 06.66 +00 01 28.2          18.2 Voz4438151
q3599K03R00M  C2008 08 29.90903 23 29 06.57 +00 01 32.3          18.1 Voz4438151
q3599K03R00M  C2008 08 29.97509 23 29 02.67 +00 04 26.4          17.9 Rrz5197170
q3599K03R00M  C2008 09 06.21552 23 22 39.59 +04 32 23.0          17.7 Rrz5808H45
q3599K03R00M  C2008 09 06.21687 23 22 39.53 +04 32 25.6          17.9 Rrz5808H45
q3599K03R00M  C2008 09 06.21775 23 22 39.46 +04 32 27.1          17.8 Rrz5808H45
q3599K03R00M  C2008 09 06.21970 23 22 39.35 +04 32 30.7          17.7 Rrz5808H45
q3599K03R00M  C2008 09 06.22087 23 22 39.27 +04 32 33.2          17.8 Rrz5808H45
q3599K03R00M  C2008 09 07.28053 23 21 46.78 +05 04 44.1          18.4  cz5808704
q3599K03R00M  C2008 09 07.29336 23 21 46.06 +05 05 07.1          18.6  cz5808704
q3599K03R00M  C2008 09 07.30602 23 21 45.29 +05 05 29.0          18.3  cz5808704
q3599K03R00M  C2008 09 07.38146 23 21 41.07 +05 07 43.1          17.9 Vrz5808703
q3599        ZC2008 09 07.38146323 21 41.049+05 07 42.68         17.9 GV~59OG703
q3599K03R00M  C2008 09 07.38493 23 21 40.86 +05 07 50.0          18.0 Vrz5808703
q3599        ZC2008 09 07.38493923 21 40.848+05 07 49.01         18.2 GV~59OG703
q3599K03R00M  C2008 09 07.38841 23 21 40.64 +05 07 55.5          17.8 Vrz5808703
q3599        ZC2008 09 07.38841823 21 40.643+05 07 54.92         17.9 GV~59OG703
q3599K03R00M  C2008 09 07.39191 23 21 40.46 +05 08 01.7          18.0 Vrz5808703
q3599        ZC2008 09 07.39191523 21 40.440+05 08 01.18         18.0 GV~59OG703
q3599K03R00M  C2008 09 08.98965 23 20 25.46 +05 53 05.8          17.9 Rrz5808130
q3599K03R00M  C2008 09 08.99166 23 20 25.34 +05 53 09.2          17.9 Rrz5808130
q3599K03R00M  C2008 09 08.99393 23 20 25.23 +05 53 12.9          18.1 Rrz5808130
q3599K03R00M  C2008 09 08.99619 23 20 25.09 +05 53 16.8          17.9 Rrz5808130
q3599K03R00M  C2008 09 17.18411923 15 01.85 +08 53 43.6          18.9 Voz6621H55
q3599K03R00M  C2008 09 17.18720723 15 01.73 +08 53 46.9          19.1 Voz6621H55
q3599K03R00M  C2008 09 17.19106923 15 01.58 +08 53 50.8          18.9 Voz6621H55
q3599K03R00M  C2008 09 21.33013 23 13 04.18 +09 57 58.9          18.4 Vrz6621703
q3599        ZC2008 09 21.33013523 13 04.167+09 57 58.31         17.6 GV~59OG703
q3599K03R00M  C2008 09 21.33832 23 13 04.04 +09 58 07.0          18.9 Vrz6621703
q3599        ZC2008 09 21.33832523 13 03.989+09 58 05.76         18.6 GV~59OG703
q3599K03R00M  C2008 09 21.34663 23 13 03.72 +09 58 12.6          18.9 Vrz6621703
q3599        ZC2008 09 21.34664023 13 03.651+09 58 11.85         18.9 GV~59OG703
q3599K03R00M  C2008 09 21.35486 23 13 03.50 +09 58 19.6          18.6 Vrz6621703
q3599        ZC2008 09 21.35486723 13 03.427+09 58 18.46         18.3 GV~59OG703
q3599K03R00M  C2008 09 28.78477 23 11 03.48 +11 19 24.4          19.6 Vcz7848A50
q3599K03R00M  C2008 09 28.78633 23 11 03.36 +11 19 25.4          19.3 Vcz7848A50
q3599K03R00M  C2008 09 28.80932 23 11 03.09 +11 19 37.7          19.1 Vcz7848A50
q3599K03R00M [C2008 09 30.24784 23 10 53.96 +11 31 29.8                t~18cM568
q3599K03R00M [C2008 09 30.31894 23 10 53.13 +11 32 03.9                t~18cM568
q3599K03R00M  C2008 10 01.22462 23 10 49.12 +11 38 48.7          19.6  cz7848704
q3599K03R00M  C2008 10 01.23683 23 10 48.95 +11 38 54.8          19.7  cz7848704
q3599K03R00M  C2008 10 01.24906 23 10 48.93 +11 38 58.9          20.0  cz7848704
q3599K03R00M  C2008 10 29.29995423 21 56.590+13 20 54.37                ~0bPs645
q3599K03R00M  C2008 10 29.30327123 21 56.741+13 20 54.77                ~0bPs645
q3599K03R00M |C2013 05 16.41937 19 50 38.72 -51 43 29.5          20.5 Vu~0ryI807
q3599K03R00M |C2013 05 16.42184 19 50 39.55 -51 43 30.3          20.4 Vu~0ryI807
q3599K03R00M |C2013 05 16.42429 19 50 40.35 -51 43 31.4          20.2 Vu~0ryI807
q3599K03R00M |C2013 05 16.42674 19 50 41.20 -51 43 32.1          20.3 Vu~0ryI807
q3599K03R00M |C2013 06 21.42642 23 23 47.04 -40 12 55.7          20.2 Vu~0sw2807
q3599K03R00M |C2013 06 21.42894 23 23 47.69 -40 12 48.7          20.3 Vu~0sw2807
q3599K03R00M |C2013 06 21.43144 23 23 48.35 -40 12 41.9          20.2 Vu~0sw2807
q3599K03R00M |C2013 06 21.43393 23 23 49.00 -40 12 35.0          19.8 Vu~0sw2807
q3599K03R00M |C2013 06 21.43642 23 23 49.66 -40 12 28.3          19.9 Vu~0sw2807
q3599K03R00M |C2013 06 26.43015 23 45 15.07 -36 12 05.0          20.1 Vu~0sw2807
q3599K03R00M |C2013 06 26.43260 23 45 15.65 -36 11 57.9          20.0 Vu~0sw2807
q3599K03R00M |C2013 06 26.43506 23 45 16.20 -36 11 49.9          19.6 Vu~0sw2807
q3599K03R00M |C2013 06 26.43753 23 45 16.73 -36 11 42.5          20.0 Vu~0sw2807
q3599K03R00M |C2013 06 26.43999 23 45 17.32 -36 11 34.9          19.9 Vu~0sw2807
q3599         C2013 07 07.62727700 22 47.460-26 12 01.80         20.23GV~59OGF51
q3599         C2013 08 17.61752801 05 47.072+07 24 34.72         19.83GV~59OGF51
q3599K03R00M  C2013 08 28.47088 00 57 40.44 +13 06 04.1          19.5 Vq~0tlN703
q3599        ZC2013 08 28.47088900 57 40.482+13 06 03.43         19.4 GV~59OG703
q3599K03R00M  C2013 08 28.47529 00 57 40.23 +13 06 11.0          19.2 Vq~0tlN703
q3599        ZC2013 08 28.47529800 57 40.220+13 06 10.16         19.0 GV~59OG703
q3599K03R00M  C2013 08 28.47977 00 57 39.84 +13 06 17.9          18.8 Vq~0tlN703
q3599        ZC2013 08 28.47977500 57 39.869+13 06 17.47         19.3 GV~59OG703
q3599K03R00M  C2013 08 28.48421 00 57 39.56 +13 06 24.2          18.8 Vq~0tlN703
q3599        ZC2013 08 28.48422000 57 39.601+13 06 23.38         18.9 GV~59OG703
q3599         C2013 08 28.62164100 57 30.825+13 10 07.95         19.54GV~59OGF51
q3599K03R00M  C2013 09 05.32505 00 48 14.11 +16 06 35.7          19.5 Vo~0tu9691
q3599K03R00M  C2013 09 05.34350 00 48 12.48 +16 06 57.4          19.4 Vo~0tu9691
q3599K03R00M  C2013 09 05.36171 00 48 10.86 +16 07 18.6          19.3 Vo~0tu9691
q3599         C2013 09 14.58559000 34 59.664+18 27 23.39         18.74GV~5Kf3F51
q3599         C2013 09 14.59778800 34 58.511+18 27 31.32         18.66GV~5Kf3F51
q3599K03R00M  C2013 09 15.36086 00 33 52.24 +18 35 47.1          18.5 Vq~0uEm703
q3599        ZC2013 09 15.36086000 33 52.274+18 35 47.06         18.8 GV~59OG703
q3599K03R00M  C2013 09 15.36588 00 33 51.77 +18 35 51.9          19.3 Vq~0uEm703
q3599        ZC2013 09 15.36588700 33 51.786+18 35 51.52         19.3 GV~59OG703
q3599K03R00M  C2013 09 15.37094 00 33 51.28 +18 35 54.2          19.1 Vq~0uEm703
q3599        ZC2013 09 15.37094600 33 51.278+18 35 53.88         18.6 GV~59OG703
q3599K03R00M  C2013 09 15.37596 00 33 50.76 +18 35 56.7          18.8 Vq~0uEm703
q3599        ZC2013 09 15.37597100 33 50.779+18 35 57.08         18.8 GV~59OG703
q3599K03R00M  C2013 09 23.33877 00 22 31.15 +19 36 20.9          18.9 Vq~0ud4703
q3599        ZC2013 09 23.33877400 22 31.144+19 36 20.68         18.9 GV~59OG703
q3599K03R00M  C2013 09 23.34730 00 22 30.42 +19 36 22.9          19.1 Vq~0ud4703
q3599        ZC2013 09 23.34731100 22 30.488+19 36 22.23         18.9 GV~59OG703
q3599K03R00M  C2013 09 23.35578 00 22 29.73 +19 36 25.6          19.2 Vq~0ud4703
q3599        ZC2013 09 23.35578700 22 29.713+19 36 25.09         18.9 GV~59OG703
q3599K03R00M  C2013 09 23.36425 00 22 29.00 +19 36 28.0          18.8 Vq~0ud4703
q3599        ZC2013 09 23.36425900 22 28.934+19 36 27.81         18.5 GV~59OG703
q3599K03R00M  C2013 09 26.14411 00 18 50.19 +19 47 22.7          19.3 rN~0ud4I41
q3599K03R00M  C2013 09 26.17755 00 18 47.51 +19 47 30.1          19.3 rN~0ud4I41
q3599K03R00M  C2013 09 26.27731 00 18 39.31 +19 47 50.2          19.4 rN~0ud4I41
q3599K03R00M  C2013 09 28.14007 00 16 20.25 +19 52 30.8          19.4 rN~0uuFI41
q3599K03R00M  C2013 09 28.18401 00 16 16.88 +19 52 37.1          19.4 rN~0uuFI41
q3599K03R00M  C2013 09 28.24201 00 16 12.31 +19 52 44.9          19.3 rN~0uuFI41
q3599K03R00M  C2013 09 29.14423 00 15 07.70 +19 54 18.2          19.3 rN~0uuFI41
q3599K03R00M  C2013 09 29.29826 00 14 55.99 +19 54 33.4          18.7 rN~0uuFI41
q3599K03R00M  C2013 09 29.33124 00 14 53.41 +19 54 37.4          19.4 rN~0uuFI41
q3599         C2013 10 24.27272223 58 25.398+19 01 35.94         21.10GV~59OGF51
q3599         C2013 10 24.28472323 58 25.252+19 01 33.48         20.87GV~59OGF51
q3599        KC2018 03 18.21667916 46 29.326-36 23 10.14         23.4 GV~59OGY28
q3599        KC2018 04 19.24777118 35 32.292-43 38 29.30         21.3 GV~59OGY28
q3599        KC2018 04 19.26029618 35 35.399-43 38 37.47         21.6 GV~59OGY28
q3599        KC2018 04 19.26380118 35 36.280-43 38 39.76         21.8 GV~59OGY28
q3599        KC2018 04 20.19325718 39 35.256-43 48 20.35         21.6 GV~59OGY28
q3599        KC2018 05 17.21723720 57 34.512-44 26 38.81         21.0 GV~59OGY28
q3599        KC2018 05 17.22036120 57 35.540-44 26 36.84         20.9 GV~59OGY28
q3599        KC2018 05 17.22349220 57 36.593-44 26 34.96         21.2 GV~59OGY28
q3599         C2018 06 22.31185623 54 31.044-25 44 29.49         20.7 GV~5FYc304
q3599         C2018 06 22.31979223 54 32.719-25 44 08.11         20.9 GV~5FYc304
q3599         C2018 06 22.32774523 54 34.389-25 43 46.75         20.7 GV~5FYc304
q3599         C2018 06 22.33569323 54 36.055-25 43 25.35         20.7 GV~5FYc304
q3599         C2018 06 22.34363323 54 37.726-25 43 03.92         20.6 GV~5FYc304
q3599         C2018 06 22.35158023 54 39.393-25 42 42.45         20.5 GV~5FYc304
q3599        KC2018 07 09.30692400 45 10.360-12 33 39.00         20.6 GV~59OGY28
q3599        KC2018 07 15.23072900 58 11.075-08 05 10.29         19.9 GV~59OGY28
q3599        KC2018 07 15.23643000 58 11.721-08 04 55.23         20.6 GV~59OGY28
q3599        KC2018 07 15.24211600 58 12.365-08 04 40.11         20.5 GV~59OGY28
q3599        KC2018 07 17.26781401 02 08.118-06 35 17.60         20.9 GV~59OGY28
q3599        KC2018 07 17.27428301 02 08.797-06 35 00.66         20.4 GV~59OGY28
q3599        KC2018 07 17.28105401 02 09.498-06 34 42.95               V~59OGY28
q3599        KC2018 07 18.25998201 03 58.189-05 52 01.83         20.7 GV~59OGY28
q3599        KC2018 07 18.26395501 03 58.581-05 51 51.40         20.0 GV~59OGY28
q3599        KC2018 07 18.26796101 03 58.995-05 51 41.09         20.9 GV~59OGY28
q3599        KC2018 08 07.30453601 28 21.148+07 13 11.99         20.2 GV~59OGY28
q3599        KC2018 08 07.31081301 28 21.326+07 13 25.04         20.4 GV~59OGY28
q3599        KC2018 08 07.31708601 28 21.507+07 13 37.81         20.3 GV~59OGY28
q3599        $C2018 09 04.27984001 21 08.564+19 32 53.00         19.5 GV~5FYcG37
q3599        $C2018 09 04.28057701 21 08.510+19 32 53.79         19.6 GV~5FYcG37
q3599        $C2018 09 04.28131401 21 08.462+19 32 54.54         19.7 GV~5FYcG37
q3599        $C2018 09 04.29324901 21 07.642+19 33 07.35         19.6 GV~5FYcG37
q3599        $C2018 09 04.29398601 21 07.589+19 33 08.19         19.7 GV~5FYcG37
q3599        $C2018 09 04.29472301 21 07.538+19 33 09.01         19.6 GV~5FYcG37
q3599        KC2018 09 06.21206701 18 58.770+20 05 46.50         19.8 GV~59OGY28
q3599        KC2018 09 06.21619001 18 58.450+20 05 50.45         19.8 GV~59OGY28
q3599K03R00M  C2018 09 06.34340 01 18 50.11 +20 07 41.2          20.1 GV~2jgI703
q3599K03R00M  C2018 09 06.34866 01 18 49.67 +20 07 46.1          19.6 GV~2jgI703
q3599K03R00M  C2018 09 06.35391 01 18 49.24 +20 07 51.3          19.8 GV~2jgI703
q3599K03R00M  C2018 09 06.35917 01 18 48.87 +20 07 55.9          20.1 GV~2jgI703
q3599K03R00M  C2018 09 06.38024 01 18 47.39 +20 08 16.3          19.58rU~2kHqI41
q3599K03R00M  C2018 09 06.40385 01 18 45.57 +20 08 39.3          19.99gU~2kHqI41
q3599K03R00M  C2018 09 06.40525 01 18 45.47 +20 08 40.8          19.98gU~2kHqI41
q3599K03R00M  C2018 09 06.45472 01 18 41.66 +20 09 28.1          20.12gU~2kHqI41
q3599K03R00M  C2018 09 07.38154 01 17 36.10 +20 24 01.1          20.13gU~2kHqI41
q3599K03R00M  C2018 09 07.43412 01 17 31.91 +20 24 49.5          19.69rU~2kHqI41
q3599K03R00M  C2018 09 07.43503 01 17 31.84 +20 24 50.4          19.59rU~2kHqI41
q3599K03R00M  C2018 09 09.31179 01 15 11.97 +20 52 18.8          19.9 GV~2kHqG96
q3599K03R00M  C2018 09 09.31697 01 15 11.55 +20 52 23.2          19.7 GV~2kHqG96
q3599K03R00M  C2018 09 09.32214 01 15 11.12 +20 52 27.6          19.7 GV~2kHqG96
q3599K03R00M  C2018 09 09.32731 01 15 10.70 +20 52 31.8          19.9 GV~2kHqG96
q3599K03R00M  C2018 09 09.35259 01 15 08.53 +20 52 53.9          20.0 GV~2kHq703
q3599K03R00M  C2018 09 09.35786 01 15 08.04 +20 52 57.2          20.5 GV~2kHq703
q3599K03R00M  C2018 09 09.36314 01 15 07.66 +20 53 02.5          20.1 GV~2kHq703
q3599K03R00M  C2018 09 09.36841 01 15 07.23 +20 53 06.9          20.1 GV~2kHq703
q3599         C2018 09 11.24216401 12 38.244+21 18 07.30         19.7 GV~59OGY28
q3599         C2018 09 11.24362301 12 38.128+21 18 08.29         19.7 GV~59OGY28
q3599         C2018 09 11.24509301 12 37.979+21 18 09.42         19.6 GV~59OGY28
q3599         C2018 09 11.24653901 12 37.846+21 18 10.57         19.7 GV~59OGY28
q3599         C2018 09 11.24799801 12 37.729+21 18 11.55         19.6 GV~59OGY28
q3599K03R00M  C2018 09 15.34261 01 06 52.16 +22 03 19.7          19.5 GV~2lRU703
q3599K03R00M  C2018 09 15.34831 01 06 51.60 +22 03 22.8          19.9 GV~2lRU703
q3599K03R00M  C2018 09 15.35400 01 06 51.17 +22 03 26.2          20.2 GV~2lRU703
q3599K03R00M  C2018 09 18.29035 01 02 30.27 +22 28 34.8          19.0 GV~2lRU703
q3599K03R00M  C2018 09 18.30083 01 02 29.10 +22 28 38.8          19.6 GV~2lRU703
q3599K03R00M  C2018 09 18.30608 01 02 28.54 +22 28 41.6          19.3 GV~2lRU703
q3599K03R00M  C2018 09 18.37043101 02 22.43 +22 29 10.3          20.00gU~2lRUI41
q3599K03R00M  C2018 09 18.37137001 02 22.34 +22 29 10.7          20.16gU~2lRUI41
q3599        &C2018 09 19.27287501 01 00.498+22 35 53.91         19.6 GV~5AOT309
q3599        &C2018 09 19.28252301 00 59.559+22 35 57.80         19.7 GV~59OG309
q3599        &C2018 09 19.29098401 00 58.735+22 36 01.18         19.9 GV~59OG309
q3599        &C2018 09 19.29945401 00 57.908+22 36 04.59         20.0 GV~59OG309
q3599        &C2018 09 19.30795101 00 57.083+22 36 07.95         19.8 GV~59OG309
q3599        &C2018 09 19.32019001 00 55.893+22 36 12.77         19.8 GV~59OG309
q3599        &C2018 09 19.32907301 00 55.036+22 36 16.26         19.8 GV~59OG309
q3599        &C2018 09 19.33774001 00 54.194+22 36 19.61         19.9 GV~59OG309
q3599        &C2018 09 19.34676401 00 53.324+22 36 23.09         20.1 GV~59OG309
q3599        &C2018 09 19.35520901 00 52.512+22 36 26.35         19.9 GV~59OG309
q3599         C2018 09 30.80285 00 43 45.12 +23 13 11.6          20.5 Rq~2mmCD29
q3599         C2018 09 30.81699 00 43 43.88 +23 13 11.5          19.7 Rq~2mmCD29
q3599         C2018 10 05.88536 00 36 53.26 +23 07 18.4          18.8 Ro~2mmCK88
q3599         C2018 10 05.89827 00 36 52.21 +23 07 16.5          19.0 Ro~2mmCK88
q3599         C2018 10 05.91117 00 36 51.14 +23 07 14.8          18.7 Ro~2mmCK88
q3599         C2018 10 10.22721 00 31 40.44 +22 54 24.9          20.0 GV~2nbEG96
q3599         C2018 10 10.23296 00 31 40.01 +22 54 23.8          20.3 GV~2nbEG96
q3599         C2018 10 10.23871 00 31 39.62 +22 54 22.6          20.2 GV~2nbEG96
q3599         C2018 10 10.24447 00 31 39.18 +22 54 21.3          20.2 GV~2nbEG96
q3599         C2018 10 17.48772200 24 38.462+22 21 55.47         20.21GV~59OGF52
q3599         C2018 10 20.10346 00 22 41.95 +22 08 09.2          20.2 GV~2oatG96
q3599         C2018 10 20.10905 00 22 41.65 +22 08 09.0          19.7 GV~2oatG96
q3599         C2018 10 20.11464 00 22 41.39 +22 08 06.9          20.6 GV~2oatG96
q3599         C2018 10 20.12023 00 22 41.14 +22 08 05.0          21.5 GV~2oatG96
q3599         C2018 11 01.13662 00 17 33.36 +21 02 33.9          21.2 GV~2q9tG96
q3599         C2018 11 01.14220 00 17 33.28 +21 02 31.8          21.2 GV~2q9tG96
q3599         C2018 11 01.14778 00 17 33.21 +21 02 29.8          20.7 GV~2q9tG96
q3599         C2018 11 01.15335 00 17 33.09 +21 02 28.4          20.9 GV~2q9tG96
q3599        KC2018 11 14.08712200 18 31.43 +20 03 30.6          21.9 Vu~2u4SH21
q3599        KC2018 11 14.10417300 18 31.70 +20 03 26.8          22.3 Vu~2u4SH21
q3599        KC2018 11 14.12731200 18 32.06 +20 03 21.9          22.2 Vu~2u4SH21
